2 3 5 3 11 7 5 7 7 11 0 17 12 17 14 17 11 17 11 
3 3 7 7 6 7 0 21 21 12 10 21 21 21 14 15 14 21 21 19 23 21 7 23 23 7 
2 14 4 2 4 7 5 9 7 11 9 11 12 0 14 17 14 17 21 21 31 23 31 23 26 24 31 27 31 31 18 31 18 35 33 35 38 36 35 39 42 35 42 45 43 14 
11 3 1 3 4 5 6 11 11 11 0 11 
11 3 1 3 4 5 6 11 0 11 9 11 12 13 9 
4 3 4 0 6 46 46 46 8 46 12 46 15 15 12 15 18 22 22 22 22 25 24 22 15 27 28 43 43 43 30 33 30 36 36 30 43 43 38 38 42 40 25 43 44 4 53 49 53 53 50 53 46 4 
2 10 2 3 10 10 6 6 10 32 12 10 12 12 14 18 16 15 14 19 20 23 28 28 28 25 28 19 28 29 32 0 36 36 36 32 36 39 36 41 39 32 
2 3 10 3 6 4 6 7 8 0 15 11 11 15 10 15 16 15 20 18 22 15 22 23 10 
2 0 4 2 4 5 11 7 10 8 12 6 12 13 13 17 18 15 22 19 22 13 22 23 
0 1 1 3 4 4 6 7 10 8 12 10 1 
9 3 9 5 3 5 6 7 0 9 
6 3 1 3 4 0 8 10 10 17 10 10 12 17 17 17 6 17 6 
2 3 14 5 3 8 8 5 8 5 14 13 14 0 16 14 14 
7 7 2 7 7 5 0 10 8 7 12 10 14 12 7 
10 1 2 3 10 10 8 6 8 0 12 10 12 10 
0 3 1 16 3 5 4 9 7 5 10 10 14 12 16 14 18 14 20 18 26 20 22 20 26 20 26 26 28 29 1 
0 1 4 1 6 4 4 7 8 9 12 8 12 13 16 14 4 
2 4 2 0 8 8 8 4 10 8 12 20 12 12 16 17 12 19 17 10 23 21 20 23 4 
6 3 1 5 3 24 6 6 6 9 24 16 16 15 13 24 16 16 18 19 20 21 24 0 24 25 29 29 25 25 30 31 35 35 25 35 38 36 38 39 24 
2 6 2 3 4 12 10 7 8 6 10 0 15 15 23 15 16 17 18 19 22 20 12 25 23 25 26 12 
2 13 4 2 4 7 2 7 8 11 9 7 0 19 14 15 16 17 13 21 19 13 
7 1 6 6 6 7 0 10 10 7 12 10 12 7 
2 0 6 6 4 2 6 9 10 6 2 
2 3 14 3 4 5 8 6 14 14 12 10 14 0 36 15 18 36 18 23 22 23 36 36 24 29 29 29 36 29 30 31 30 35 33 14 36 37 37 41 39 14 
8 5 2 5 1 7 5 20 8 11 12 20 12 15 18 18 18 13 18 0 20 21 22 20 
2 0 2 5 2 9 9 9 15 9 9 11 14 12 5 22 16 16 22 22 22 23 15 25 23 27 28 29 25 31 29 2 
3 1 4 0 4 7 4 9 10 12 12 7 12 12 16 14 14 19 17 19 24 21 22 20 24 25 29 29 19 29 30 33 29 
6 3 1 3 6 13 14 7 7 7 10 13 0 6 16 17 14 13 
2 10 4 2 6 7 4 4 10 0 13 13 10 13 14 17 15 17 23 22 22 23 26 23 26 17 29 29 26 32 32 29 10 
9 3 1 8 8 8 8 9 0 11 9 11 17 13 16 14 11 19 20 17 20 9 
2 0 2 19 6 4 4 7 10 8 12 19 14 12 14 17 15 17 2 23 23 21 19 23 23 25 26 29 27 31 29 2 
2 19 2 3 4 11 11 11 11 11 5 11 12 13 19 19 16 19 0 21 19 21 25 23 21 25 
4 4 4 0 6 4 8 9 6 4 
14 1 4 1 4 5 9 9 1 9 10 11 9 18 16 14 18 0 18 19 19 23 19 23 24 18 18 29 27 29 18 
9 1 1 5 3 7 5 9 0 9 12 10 14 12 14 15 18 10 20 18 9 
2 6 6 5 6 0 6 9 10 7 6 
0 1 1 3 7 7 4 7 10 4 12 10 12 15 13 17 15 1 
10 1 4 10 4 7 8 5 10 0 10 15 15 15 16 11 18 16 10 19 20 25 22 23 10 25 10 
4 1 2 0 4 7 12 14 8 7 12 8 14 4 14 15 16 19 17 4 
2 4 4 11 4 11 11 0 7 9 8 11 8 
2 0 5 5 2 7 5 9 7 11 7 15 15 15 11 2 
2 10 4 5 2 5 5 9 7 0 13 13 17 15 13 17 10 17 20 18 10 
2 3 7 3 6 3 0 12 11 9 12 20 12 12 14 15 20 20 20 35 22 28 22 25 23 22 22 33 28 29 33 33 20 33 7 43 43 43 43 43 42 40 35 43 7 
26 1 4 2 4 5 6 9 11 9 18 11 14 11 16 11 16 6 22 22 22 18 1 26 26 0 26 
5 1 1 3 0 7 9 7 14 9 10 13 11 5 16 24 16 19 17 19 20 21 24 14 28 27 25 24 30 33 32 30 28 5 34 33 39 39 36 39 40 5 
9 3 1 5 3 9 9 7 0 11 14 14 14 9 14 9 
4 3 1 0 4 5 14 14 14 14 14 14 14 19 17 17 14 6 18 25 25 21 21 25 4 25 28 34 30 28 34 34 34 25 39 39 38 39 34 4 
0 4 4 1 4 9 8 9 1 11 9 9 15 15 17 17 9 17 20 21 18 21 24 22 1 
2 3 31 19 4 7 5 7 8 14 14 13 14 7 14 14 14 14 20 3 20 20 22 31 31 31 30 30 30 31 0 34 34 31 34 37 34 39 37 39 40 39 44 42 44 31 
7 1 4 1 4 5 0 10 10 7 10 18 18 18 14 18 18 23 18 21 23 21 11 23 24 24 26 29 27 7 
2 3 7 5 6 3 0 9 7 13 13 11 9 7 
2 0 17 5 3 17 9 9 17 15 12 15 15 15 17 17 2 19 17 22 22 19 24 22 24 25 2 
4 1 4 0 4 5 8 6 4 
2 3 0 3 7 7 8 4 8 8 12 10 3 
3 1 0 7 4 5 3 7 3 
2 0 5 5 2 5 6 5 10 2 10 10 2 13 13 2 
11 8 2 8 8 8 8 1 10 8 0 13 11 15 13 13 18 16 20 18 11 
2 3 0 5 3 9 8 9 5 9 10 9 14 5 14 17 15 17 20 21 18 21 22 23 26 22 29 29 26 3 
0 15 8 5 7 5 8 13 8 13 13 13 15 13 1 17 15 1 
2 4 2 0 4 10 6 7 10 4 12 10 14 12 4 
2 5 2 5 0 5 6 7 10 6 12 15 14 12 10 20 18 16 16 15 5 
2 3 9 3 9 7 9 9 0 11 9 11 9 
13 1 9 5 3 5 8 6 11 9 1 13 0 17 17 17 13 20 20 17 29 23 29 26 26 29 28 26 20 29 30 31 30 35 36 30 36 37 38 13 
5 1 4 2 0 5 8 5 10 5 12 10 10 15 13 10 16 5 10 18 10 5 
8 1 4 8 8 7 8 0 8 
0 1 1 6 6 3 8 10 10 6 12 10 14 12 12 
4 1 1 12 6 4 6 9 6 12 12 0 12 13 12 18 18 12 18 19 25 23 24 25 18 12 
2 3 15 3 4 5 8 13 8 13 13 13 15 15 0 20 18 16 20 15 15 
2 10 10 10 6 4 10 9 10 0 10 11 11 13 14 10 
7 1 2 5 2 7 0 17 10 8 8 17 17 15 17 17 7 7 
6 1 2 3 6 0 6 7 11 11 7 6 
9 1 4 2 9 5 9 7 0 13 12 10 9 15 13 15 18 15 9 
2 3 8 5 6 3 8 0 8 9 12 9 16 15 16 12 18 16 20 18 8 
3 3 5 3 21 7 5 7 7 15 12 10 15 15 9 20 16 20 20 5 0 20 20 23 24 15 21 
3 3 0 3 3 5 8 6 10 3 14 13 14 10 16 14 18 20 20 16 26 21 21 21 24 20 28 26 36 29 36 36 36 36 33 28 38 36 3 
2 10 2 2 6 8 6 4 10 0 12 13 14 10 10 
2 0 4 5 2 5 8 6 8 9 8 13 11 2 
2 0 2 3 4 5 2 2 25 11 25 14 14 25 14 22 16 16 20 18 20 14 22 23 8 25 2 
2 7 4 5 7 7 23 7 7 9 12 10 14 12 14 15 9 19 17 19 20 21 0 34 33 25 26 27 30 28 30 33 24 23 34 23 
3 1 16 3 4 11 8 6 10 11 5 11 11 15 13 0 18 16 18 18 20 24 24 18 24 25 26 27 30 28 32 34 34 30 16 
2 3 8 3 4 5 6 0 10 12 10 8 12 8 
2 0 2 8 6 4 6 2 8 11 9 11 2 
9 1 4 1 4 7 5 9 0 11 14 14 14 19 14 15 15 17 20 9 22 23 20 9 
7 7 5 5 7 7 0 9 7 9 7 
2 3 0 5 3 5 6 7 14 14 12 10 14 3 14 15 15 17 18 19 20 24 24 21 3 25 
2 9 4 9 6 4 8 6 21 11 12 9 15 15 12 15 21 21 20 18 0 23 24 21 21 
2 7 7 5 6 7 0 10 10 7 16 11 14 16 14 18 16 10 18 18 20 7 
2 6 6 5 6 11 6 11 11 11 0 11 
0 3 1 1 4 5 12 13 10 11 8 5 12 13 16 14 1 
2 3 0 5 3 5 8 6 14 14 13 13 14 5 14 3 
2 5 5 5 0 5 5 7 8 9 14 13 14 8 16 14 16 14 18 14 
5 1 2 3 0 12 6 7 8 12 12 5 12 13 12 
2 3 4 0 6 4 11 11 8 9 4 14 14 11 11 11 16 16 18 4 
3 1 6 3 4 0 8 9 6 11 9 14 14 11 6 
2 0 8 8 8 5 6 2 5 11 9 11 14 12 11 19 19 17 8 2 
2 3 0 3 6 4 8 3 8 8 12 10 3 
8 3 1 3 6 4 8 0 11 11 13 11 8 16 16 13 18 13 20 18 20 21 8 
2 3 19 5 3 9 8 9 5 9 13 13 10 16 16 13 16 19 0 22 20 19 19 
2 5 4 2 16 5 6 6 8 12 12 9 12 15 12 0 18 16 18 25 20 20 22 23 19 27 25 27 16 
3 3 0 3 4 7 8 5 8 12 12 8 14 12 16 20 18 16 20 14 12 
3 3 0 3 3 11 11 9 7 11 5 11 11 20 20 20 20 16 20 13 22 20 24 22 24 25 29 29 26 29 33 33 30 3 
3 3 8 5 3 5 6 0 8 11 9 13 11 13 19 17 19 19 13 23 20 21 19 8 
5 1 2 5 0 7 5 7 8 5 
0 3 1 5 3 5 5 7 8 9 10 7 12 13 14 18 18 5 18 22 20 26 22 25 22 5 26 27 1 
2 3 7 3 4 7 0 10 10 7 7 
2 6 2 3 2 15 11 7 8 6 10 11 14 12 0 17 15 23 18 21 22 19 17 25 23 25 26 27 15 
2 3 4 8 6 4 9 0 13 11 9 11 4 8 
3 3 4 0 4 7 4 16 8 9 10 16 14 16 16 7 22 4 22 19 22 31 22 23 24 27 25 27 28 31 7 37 32 18 31 37 35 37 37 39 42 37 44 42 42 4 
0 3 1 1 4 7 5 39 10 39 23 13 14 23 14 15 18 14 18 21 18 18 10 25 23 27 25 27 23 39 39 31 31 35 39 37 39 39 7 39 40 41 1 
0 1 4 1 4 11 11 7 11 11 25 10 10 10 16 17 19 17 14 19 22 20 11 4 28 25 4 1 1 28 29 
2 0 4 2 4 5 15 11 11 11 7 15 14 15 4 2 
4 3 1 0 4 4 8 6 8 14 12 14 14 6 4 
7 1 4 1 4 5 0 7 8 8 12 10 12 12 16 14 18 19 27 19 19 23 21 27 26 27 16 29 27 29 7 
2 0 2 5 2 5 6 7 11 11 7 11 12 13 2 
9 3 5 5 6 1 6 9 0 9 10 11 11 13 14 15 9 
2 3 0 3 6 4 8 3 13 9 12 13 8 13 14 3 
2 3 0 3 6 7 4 7 8 9 10 7 14 12 14 21 16 19 21 21 15 21 7 
2 14 4 2 4 9 9 9 5 9 14 14 12 0 12 15 18 16 18 19 14 
2 0 2 7 7 5 12 7 8 9 12 3 2 
5 4 4 1 7 5 0 9 11 9 20 15 12 15 11 15 15 20 20 7 20 7 
3 3 0 5 3 7 5 5 8 11 9 11 11 11 16 14 9 19 17 19 22 23 24 20 3 
2 0 5 5 2 5 5 9 2 9 10 11 16 15 16 33 16 28 28 21 29 26 26 23 26 21 21 17 28 31 29 33 10 33 34 2 
3 1 0 3 3 8 8 5 10 8 10 13 10 16 16 13 16 17 18 3 
0 1 2 1 4 5 5 9 10 7 1 
2 6 2 5 3 12 10 10 10 6 10 0 15 15 17 15 12 20 20 17 20 21 12 
0 1 1 5 10 5 5 9 5 29 10 11 11 13 14 17 10 19 17 21 19 21 29 29 24 25 29 29 3 29 1 
0 3 1 5 1 5 6 7 8 9 5 13 5 13 14 14 16 17 18 1 
2 0 2 5 3 7 5 9 7 9 10 11 12 2 
2 0 2 5 3 16 16 7 8 16 16 16 12 13 14 5 2 
3 1 0 11 4 5 8 9 6 9 3 11 12 16 16 13 3 
2 0 2 3 6 3 6 9 3 3 12 9 12 9 
2 0 4 8 4 7 5 24 10 8 8 14 14 11 16 14 18 21 18 21 14 14 24 2 27 27 24 27 28 29 2 
10 1 4 5 2 7 1 7 7 0 12 10 12 13 14 10 
2 10 2 5 3 10 9 9 10 0 12 10 10 
2 7 2 3 7 7 16 9 14 14 14 14 12 7 14 0 16 17 18 16 
2 3 39 3 4 5 3 23 8 9 10 11 15 15 12 17 15 19 20 17 20 23 3 25 23 25 26 27 30 25 32 30 32 0 25 35 35 37 34 39 40 51 42 43 44 45 48 42 48 48 41 54 52 51 54 55 34 
2 4 4 21 6 4 6 7 6 4 10 13 11 15 21 15 16 15 18 19 0 26 22 26 26 21 21 
15 1 5 5 15 5 5 5 5 9 5 5 5 5 0 15 16 15 
7 3 1 3 6 7 11 9 7 9 0 14 12 19 14 15 18 14 11 19 20 21 22 23 11 
4 1 2 0 7 7 10 7 8 4 12 10 14 12 4 
3 3 17 5 3 7 5 7 7 9 7 5 5 17 16 17 0 17 
2 0 4 8 4 5 4 2 12 11 12 8 12 16 16 13 18 13 18 18 2 
0 3 1 5 3 3 8 6 8 9 13 13 10 18 18 15 18 13 18 1 
2 4 4 0 4 5 8 6 8 5 10 11 12 11 14 15 18 15 10 
23 1 1 1 8 8 8 10 10 4 16 11 11 11 14 18 16 10 18 21 22 19 0 23 24 25 26 27 23 
5 3 1 5 9 5 8 6 0 9 10 13 17 13 13 15 11 19 23 23 23 21 17 23 28 28 28 23 9 
3 3 15 3 6 3 6 10 8 7 10 10 10 15 0 18 18 21 18 18 15 28 22 22 24 22 28 21 30 28 15 
0 4 4 1 1 5 6 7 7 9 10 16 16 16 16 10 16 19 20 24 23 21 20 16 24 25 29 26 28 1 
2 4 2 8 6 4 6 0 8 9 10 11 12 15 10 15 18 15 23 19 20 21 18 23 8 
0 1 1 5 3 5 8 6 8 9 10 15 14 12 11 15 15 17 21 19 18 21 24 22 1 
2 16 4 2 6 4 4 2 8 11 2 13 16 13 16 0 16 17 16 
2 3 7 7 6 7 0 9 12 9 12 7 12 15 13 15 16 7 
2 5 2 3 0 5 8 6 12 11 12 8 14 12 5 
2 3 18 3 3 3 8 14 10 8 12 14 12 6 14 15 16 0 18 19 19 21 19 23 18 
2 13 6 5 6 13 6 7 11 11 7 11 0 13 16 14 18 16 13 
2 0 4 2 4 5 6 10 10 6 12 10 12 13 2 
5 5 4 2 0 5 8 6 10 11 8 11 5 13 12 15 16 35 20 35 20 21 25 22 24 25 26 30 30 35 32 30 35 35 17 5 
4 4 4 0 6 7 4 9 7 11 9 11 11 15 13 17 15 19 17 4 
0 1 1 1 12 5 5 7 5 11 9 16 15 15 12 18 16 1 18 19 22 20 22 23 1 
0 1 5 3 1 7 5 11 8 11 7 14 14 11 16 5 16 16 24 21 19 21 22 27 24 24 16 29 27 29 32 30 1 
3 3 0 5 3 7 8 5 8 9 5 14 12 5 14 14 16 19 22 21 19 14 24 27 27 27 22 27 3 
2 3 17 3 4 11 11 11 11 11 3 11 11 17 16 14 0 17 18 19 23 21 18 23 26 28 28 24 17 
2 12 2 2 4 7 2 10 10 7 12 0 14 17 14 15 12 17 18 17 22 20 22 12 
2 6 4 6 6 13 11 11 8 9 6 13 0 15 16 13 16 19 16 13 
3 1 0 5 15 15 8 15 15 11 9 15 12 15 23 15 23 20 20 23 23 23 3 26 26 23 3 
4 1 2 0 6 4 6 9 4 13 12 10 9 13 14 14 16 13 21 21 18 23 21 9 
11 11 2 11 6 4 6 4 10 8 15 13 11 15 0 18 18 15 18 18 20 21 15 
13 3 6 6 6 1 6 13 13 11 9 13 19 16 14 13 16 19 0 19 22 20 24 22 24 27 25 19 
2 0 4 7 4 5 2 9 7 11 12 9 14 12 2 
2 0 2 5 3 5 8 6 8 15 12 10 12 15 9 15 18 16 18 15 
2 3 5 3 11 5 6 7 8 9 0 13 14 11 14 15 20 20 20 16 20 21 22 11 
2 7 4 2 4 4 0 9 7 11 9 11 12 11 11 15 16 7 
2 0 5 5 2 5 2 12 8 9 10 7 12 15 12 2 
3 1 11 5 3 5 5 7 8 9 0 30 12 12 14 17 12 19 17 30 26 23 26 23 26 30 26 29 27 11 32 30 32 11 
0 1 4 5 8 7 5 2 8 9 12 22 12 15 13 15 15 12 20 22 22 10 24 22 24 25 26 27 1 
11 3 1 3 7 7 1 7 8 7 0 13 11 16 16 18 16 13 16 21 28 21 22 26 27 23 26 19 28 29 32 30 11 
0 1 2 1 4 5 9 9 6 9 10 11 12 1 
9 1 9 9 4 9 9 7 0 11 16 11 12 13 14 9 18 16 9 
0 3 1 1 6 1 8 6 8 12 12 9 8 17 6 17 15 17 17 17 1 
4 4 4 8 4 5 8 0 12 11 12 8 14 12 18 17 18 14 18 19 20 23 21 19 26 24 8 
11 3 1 3 11 9 6 9 11 11 0 11 12 13 12 25 18 21 20 18 16 21 24 22 15 28 26 32 28 29 30 25 32 36 34 33 11 
0 6 6 6 6 11 6 11 11 11 1 11 12 13 1 
2 4 2 22 10 10 9 10 10 4 10 13 11 13 14 4 18 22 21 21 18 0 24 22 26 24 26 29 27 22 
2 3 0 5 6 3 10 7 10 6 10 10 12 10 16 10 16 16 16 19 16 21 22 23 26 24 3 
5 1 2 5 27 19 19 7 10 8 12 7 14 12 14 17 15 12 5 21 19 23 21 23 24 25 0 29 27 29 27 
0 1 2 3 6 1 8 6 10 11 8 8 11 13 17 17 14 17 20 18 1 
2 0 2 5 2 7 9 9 5 2 
0 1 5 5 9 5 6 7 1 11 13 13 9 13 14 18 18 13 18 19 20 1 
0 1 1 13 6 4 8 10 10 6 10 13 3 15 13 17 1 19 17 21 19 17 1 23 1 
2 11 4 5 7 5 2 7 10 8 0 16 14 12 14 11 16 17 11 
5 3 1 5 9 5 5 9 0 11 13 11 16 15 13 9 18 16 18 21 19 23 21 23 9 
2 6 2 5 3 17 6 6 8 9 10 6 12 6 14 15 0 19 20 17 17 
2 3 6 5 3 0 8 13 8 8 13 13 6 16 16 13 6 
0 1 9 5 3 5 8 6 1 12 12 9 15 15 12 15 18 1 20 18 20 18 24 18 24 27 25 1 
3 3 0 5 6 8 8 3 10 8 13 13 18 18 18 18 18 10 3 
8 3 1 3 8 5 8 12 8 8 12 0 12 12 12 12 20 20 18 16 12 
3 3 23 3 4 5 8 6 3 11 15 11 11 11 3 19 16 19 15 19 19 23 0 25 23 27 25 25 30 25 32 30 32 33 36 33 36 37 23 
4 4 4 5 12 8 6 5 10 8 12 0 12 13 13 15 16 19 17 25 20 23 21 25 15 25 29 29 26 29 26 12 
0 1 1 3 4 7 4 9 7 15 15 11 15 13 4 17 15 15 18 18 24 24 24 20 1 
2 3 7 5 3 5 0 9 10 18 18 13 18 18 16 18 16 7 7 
5 1 5 5 0 5 6 11 10 11 5 11 
2 0 2 3 4 4 6 2 10 8 10 13 11 13 16 19 16 19 14 19 20 23 21 13 
8 1 8 5 3 5 8 0 8 9 13 13 8 13 17 17 14 13 8 19 8 
2 4 4 7 6 4 0 13 10 8 10 11 15 13 7 15 16 19 17 25 22 20 25 25 19 7 
9 1 2 9 9 9 8 9 0 12 10 9 12 9 
4 3 1 0 4 7 4 11 11 9 7 11 11 11 17 15 19 17 7 19 20 23 21 4 
2 7 2 5 2 7 0 7 8 9 10 10 12 18 18 17 18 13 24 19 19 24 22 18 7 
8 1 4 6 4 1 8 0 12 11 9 8 12 12 14 15 16 17 8 
4 3 1 0 4 5 10 10 10 6 10 13 5 13 13 15 16 17 4 
6 1 6 3 6 0 9 9 11 11 20 16 12 15 16 11 16 16 20 6 22 26 22 26 26 20 26 6 
0 3 1 3 20 7 20 7 8 11 9 11 20 13 20 20 20 17 20 4 1 
0 3 1 3 4 3 11 11 10 11 6 11 3 13 3 15 18 19 16 1 
0 3 1 8 8 5 6 3 8 8 12 3 16 16 16 12 16 16 12 19 12 21 22 3 24 27 30 27 24 24 1 
17 1 1 8 8 5 6 11 8 11 17 11 12 13 17 15 0 17 
2 0 2 3 4 10 10 7 10 2 10 15 12 15 10 18 16 15 18 19 20 2 
0 1 5 5 1 10 10 9 10 5 10 11 5 15 5 15 15 1 
2 10 2 3 6 4 6 7 10 0 14 14 12 10 14 14 19 17 16 21 14 21 24 21 24 28 28 24 30 28 32 30 32 33 10 
7 1 2 3 6 4 0 7 7 11 9 7 14 12 14 17 22 14 17 22 22 18 22 7 
2 16 2 5 3 8 16 2 8 11 9 11 12 11 17 0 18 14 18 16 
0 3 1 5 7 5 8 1 8 8 10 13 17 13 14 15 10 20 20 17 1 
2 3 0 5 3 8 6 5 8 9 12 3 14 15 12 12 16 12 3 27 22 20 20 23 24 25 3 32 30 32 32 27 3 
2 16 2 3 4 5 6 10 10 14 10 14 14 2 16 0 16 19 17 19 22 20 16 
0 3 4 1 4 1 6 11 11 9 14 11 11 15 1 15 18 15 23 18 23 23 20 25 23 25 25 1 
0 3 1 3 6 7 4 10 10 7 10 13 10 13 16 14 19 19 10 19 23 23 10 1 
2 0 2 5 2 5 6 5 12 12 12 5 12 5 16 18 16 12 20 24 22 20 22 18 27 27 28 24 2 
3 3 6 3 4 0 6 7 10 6 21 11 11 11 18 18 18 14 20 18 10 26 24 26 26 27 21 30 28 27 30 10 
3 3 0 3 3 7 21 7 7 11 12 7 16 13 16 12 16 19 16 21 5 23 21 23 23 28 26 25 31 29 28 37 34 32 34 37 31 3 
2 5 5 5 0 8 8 5 10 8 13 11 10 5 
2 5 4 2 0 11 8 9 11 11 5 15 15 13 11 15 18 15 20 18 20 23 21 23 24 28 28 23 5 
16 1 4 2 16 5 5 11 8 7 10 13 11 13 14 0 19 17 5 16 
4 1 2 16 6 7 4 11 10 11 7 13 14 11 11 0 7 19 16 21 19 16 
4 3 1 8 4 5 8 0 10 15 12 10 15 15 8 18 18 15 20 18 8 
2 5 4 2 0 5 6 9 7 9 12 5 14 15 12 12 19 19 12 5 
3 3 19 3 7 7 4 3 8 9 9 11 12 13 14 17 14 19 0 17 19 
3 3 0 3 6 12 6 7 8 12 9 13 4 17 16 14 13 17 18 19 22 19 3 
2 3 15 3 4 7 5 7 10 4 10 13 11 10 0 3 16 17 18 3 22 20 22 15 
2 4 2 7 4 5 0 7 8 8 12 7 15 15 12 15 16 17 15 19 7 
8 1 2 1 4 1 6 0 13 9 10 9 8 13 16 13 16 21 20 21 16 21 22 25 23 25 28 26 8 
4 1 4 0 6 4 9 7 19 9 9 11 12 9 19 19 18 16 6 19 22 19 22 23 4 
3 1 0 3 4 5 8 3 10 12 10 8 12 12 12 17 15 3 
0 1 2 1 6 4 8 6 12 12 12 6 14 12 12 8 16 6 1 19 20 25 25 25 21 27 28 25 28 29 36 31 36 35 33 30 38 39 36 39 36 
4 1 2 8 6 4 6 0 10 8 10 11 11 8 
4 3 1 19 6 4 6 9 10 6 10 11 12 19 19 18 18 19 0 19 19 19 
0 3 1 3 4 5 1 
2 5 4 2 0 7 8 19 10 8 10 13 8 16 16 13 16 17 5 19 19 5 22 
3 3 8 5 3 5 6 0 15 9 12 15 14 12 8 17 15 17 20 17 22 17 24 25 22 25 26 8 
2 0 10 6 6 7 10 10 10 2 10 16 12 13 14 10 16 16 20 18 20 2 
16 1 1 5 3 7 19 9 7 9 9 11 7 1 14 0 19 19 16 19 19 23 21 16 
4 1 2 15 6 7 4 9 7 15 13 15 15 13 0 15 16 17 22 19 22 18 22 15 
3 1 0 3 4 7 4 9 7 9 10 11 14 7 18 15 18 14 18 23 20 23 18 25 23 3 
7 1 2 7 7 7 13 7 8 9 10 11 0 18 18 18 16 13 18 21 19 13 
2 3 0 3 4 5 6 4 11 9 8 3 
0 4 4 1 4 7 4 9 7 9 7 4 14 12 1 
2 0 2 5 2 2 6 7 15 9 9 11 9 13 2 22 16 22 20 22 20 15 24 22 24 25 2 
6 1 1 3 6 8 6 0 10 8 10 10 12 13 10 18 16 19 15 8 
2 9 2 9 9 7 5 9 0 11 13 11 9 15 13 15 18 16 18 18 20 9 
2 3 6 5 3 0 8 13 8 8 8 11 6 16 16 13 19 19 16 19 22 20 6 
2 0 4 2 4 4 6 10 10 12 12 2 16 15 16 12 2 
3 1 6 5 3 16 10 10 10 6 13 13 10 13 14 0 15 16 
2 3 0 3 4 8 8 3 10 8 10 11 3 
0 1 2 2 6 4 10 10 10 2 10 15 12 12 2 15 1 
2 0 2 2 4 5 6 6 8 8 12 21 14 19 19 19 19 19 12 19 8 23 24 21 24 24 26 2 
3 3 0 6 6 3 8 3 8 11 9 11 8 13 8 
22 1 2 5 3 22 14 7 8 12 12 9 12 22 14 17 15 17 20 18 20 0 24 22 24 25 22 
0 1 4 2 6 1 6 10 8 13 12 13 7 1 
4 1 4 8 4 4 8 0 10 13 10 11 8 13 16 14 16 17 20 13 20 8 
2 0 2 3 4 5 6 11 11 11 7 13 11 13 2 
3 1 0 3 16 5 6 4 5 9 10 11 3 5 16 3 13 16 21 21 16 21 3 
14 1 1 3 4 14 14 7 10 7 10 11 14 0 14 15 15 17 20 17 14 
11 1 4 2 11 11 11 11 11 11 0 13 11 13 11 
2 3 15 3 4 5 10 10 10 3 10 11 12 10 0 3 18 16 16 16 22 20 22 23 22 20 26 27 28 29 30 15 
0 1 4 2 6 7 1 9 1 9 1 
3 3 6 5 3 0 6 7 7 9 12 9 12 16 16 13 16 6 
2 0 2 5 6 3 8 2 8 11 8 15 12 13 18 15 18 11 22 21 19 18 24 22 2 
2 0 2 3 6 4 8 2 8 9 8 2 12 15 13 17 2 19 17 19 23 23 20 23 17 
4 4 2 8 6 4 8 0 11 11 13 11 8 15 16 13 18 16 18 21 18 23 21 23 24 27 25 8 
4 3 1 0 6 11 8 6 7 9 4 13 18 18 18 15 18 11 18 4 
2 0 2 3 4 5 8 2 8 2 
2 0 2 2 7 7 4 9 11 9 7 13 11 11 2 2 18 16 20 18 20 23 21 15 
3 3 0 5 10 7 10 7 8 3 10 11 14 15 12 15 18 16 3 
2 0 4 2 4 4 8 4 10 8 2 
7 1 4 2 4 7 11 7 10 8 0 17 12 15 12 17 11 19 17 19 23 23 20 11 
5 3 5 5 15 7 5 7 7 9 7 13 11 7 16 0 16 19 17 19 22 20 16 
7 1 2 2 2 7 8 0 11 11 8 11 15 15 12 15 16 22 20 18 20 26 22 23 24 17 26 27 8 
5 3 4 1 0 5 17 6 8 11 17 13 11 15 11 15 5 20 20 17 5 
0 1 1 1 6 8 8 12 8 11 8 4 17 13 16 13 12 19 20 17 29 21 22 29 29 27 25 29 20 1 
2 8 2 3 6 4 6 0 10 8 12 10 12 13 14 8 
0 1 19 3 3 5 6 7 3 3 10 11 12 13 19 3 3 17 31 19 19 19 19 31 31 25 31 29 31 29 2 31 31 1 
4 1 2 6 4 0 9 7 10 15 13 13 15 15 6 15 18 15 21 19 15 23 21 23 23 25 6 
0 1 2 3 7 7 12 7 8 7 7 1 1 13 16 14 18 1 18 19 20 21 1 23 26 24 26 1 
3 1 0 5 3 5 9 7 6 5 10 11 12 16 16 12 16 19 24 19 19 23 21 17 24 30 26 29 30 36 30 30 36 36 36 25 38 36 11 
3 1 5 3 0 7 10 9 7 5 10 11 14 11 18 18 18 14 5 
2 5 5 5 0 7 5 11 11 9 7 13 11 13 16 14 16 19 17 19 22 19 22 23 26 24 5 
7 1 7 3 3 5 0 9 7 9 12 14 12 9 18 17 18 14 18 19 20 7 
6 1 1 5 3 10 9 9 6 20 10 13 11 16 20 20 16 17 18 0 20 23 15 23 24 25 26 23 
0 5 5 3 1 5 8 9 6 11 9 11 12 21 14 15 21 21 18 21 23 23 9 23 24 25 30 26 30 28 30 30 34 36 34 32 39 39 36 41 30 43 41 45 43 45 46 41 
2 5 5 5 0 8 8 5 10 11 16 11 12 13 14 8 19 17 16 21 19 23 21 21 24 25 26 29 25 29 5 
2 11 4 2 4 7 5 7 7 9 18 15 12 15 11 18 18 0 17 19 20 21 20 23 24 18 
5 1 2 1 7 5 0 9 7 11 14 11 9 13 14 17 15 14 20 18 7 
2 3 10 7 7 7 10 7 7 0 10 13 14 11 10 
7 1 7 7 7 7 0 7 10 11 7 7 12 7 
7 3 1 7 6 7 0 7 11 11 7 11 12 16 16 24 16 19 16 16 22 13 24 22 32 32 32 27 28 29 30 24 32 35 33 
4 1 1 6 4 0 8 9 6 6 
2 3 10 5 3 5 5 9 10 0 10 10 
0 1 1 3 4 4 8 4 8 1 
2 0 2 5 3 5 8 6 11 11 8 2 
2 0 4 13 7 7 4 7 7 7 10 7 2 15 2 15 18 16 2 
0 1 2 3 7 2 6 7 8 1 
4 1 4 0 4 5 8 6 8 9 4 
3 1 0 5 3 3 8 6 10 11 8 15 15 15 11 3 
0 1 4 1 4 5 6 5 8 1 
2 3 0 3 6 4 6 9 7 21 12 21 12 15 13 15 21 19 17 21 3 21 22 23 3 
3 3 0 5 3 3 
0 1 1 14 4 14 14 9 7 14 14 14 14 1 14 17 15 1 
4 4 4 0 6 7 4 9 10 7 4 
2 5 5 3 0 11 6 11 8 9 5 11 12 13 5 
5 1 4 2 0 8 6 5 8 11 8 5 
2 0 2 3 2 7 5 11 10 11 2 11 12 11 14 18 11 11 18 21 19 2 
2 5 4 2 0 14 10 10 8 6 10 10 10 5 16 14 19 19 16 21 19 21 22 19 29 25 14 27 14 29 30 31 34 32 36 34 5 
2 0 4 2 4 9 8 6 4 9 10 11 2 12 2 
3 1 7 3 6 3 0 11 11 11 7 13 11 17 16 14 13 17 20 17 7 
2 13 2 3 4 4 6 2 10 2 12 10 0 15 13 13 16 19 17 19 20 13 
4 3 1 0 4 5 6 7 10 8 10 11 4 
4 1 4 0 6 4 8 6 10 6 10 10 14 12 4 
4 4 4 7 6 4 0 9 7 9 9 9 14 15 12 17 9 19 20 17 7 
2 12 12 3 4 5 12 12 10 8 10 20 12 15 18 15 18 13 18 0 23 23 20 23 26 24 26 31 28 31 27 20 
7 1 1 3 6 4 0 7 10 8 10 11 7 
12 3 1 3 4 5 8 6 12 11 12 0 14 12 19 19 18 19 14 19 12 
2 6 6 5 6 0 8 6 11 11 8 11 12 11 11 15 6 
0 3 1 5 1 7 10 10 8 5 10 11 14 10 16 14 16 1 
2 3 0 3 4 7 5 7 8 9 8 8 12 15 17 15 12 3 
5 5 5 5 11 5 6 11 11 9 0 14 14 11 11 
6 1 1 5 1 0 6 7 7 11 7 11 12 13 14 6 
4 1 2 11 6 4 8 6 8 11 0 13 11 21 21 21 16 17 18 15 13 21 22 21 11 
2 0 2 14 8 8 6 4 10 8 8 14 12 2 16 14 16 17 17 19 22 17 2 
3 1 0 10 4 7 10 7 10 3 12 10 12 13 14 12 18 16 3 
9 9 9 5 9 9 8 9 0 11 9 9 
3 1 9 3 6 4 8 9 0 9 10 11 14 12 10 17 15 20 20 17 9 
8 8 8 8 8 8 8 0 10 8 10 11 14 12 16 14 8 
2 0 2 2 6 8 6 4 8 9 12 10 2 
2 3 0 3 4 3 6 9 14 12 12 9 12 3 16 14 21 21 18 21 16 21 24 22 24 3 
0 3 4 1 4 1 8 9 6 9 10 1 
2 13 7 7 4 7 2 7 7 9 10 13 0 15 13 15 13 
3 3 15 15 6 7 15 9 7 9 9 9 9 15 0 18 18 15 15 
0 9 2 2 4 7 5 7 1 9 10 10 14 15 10 18 18 10 18 
2 0 2 2 2 7 2 7 8 9 7 13 11 13 14 2 
2 0 5 5 2 5 10 10 10 5 5 15 12 15 5 2 
0 1 4 1 4 5 6 7 10 8 12 10 1 
2 4 4 0 4 4 8 6 11 11 4 11 12 13 14 15 4 
14 1 6 6 4 1 6 6 8 9 6 1 12 0 14 14 
2 3 0 5 3 7 9 7 5 11 9 3 
2 0 2 5 6 3 6 7 10 8 14 13 14 10 14 6 
0 1 1 3 4 1 4 7 6 4 10 11 12 1 
4 4 4 0 6 4 8 6 10 8 4 
2 6 6 6 6 0 5 10 10 5 6 
0 3 4 1 6 4 6 7 1 
6 1 4 5 6 0 6 7 8 11 9 6 
2 5 2 5 0 5 8 6 6 9 5 11 12 13 16 17 14 11 
2 6 4 2 6 0 8 15 8 12 12 8 12 12 6 19 16 19 15 6 
2 9 9 5 9 9 8 9 0 11 12 9 9 
0 1 1 3 4 5 11 7 11 9 13 11 6 1 
2 0 5 5 2 5 6 9 7 9 10 9 
2 3 8 5 6 3 8 0 12 9 10 8 12 13 16 14 8 
3 3 0 3 6 4 6 7 10 3 10 13 11 15 13 3 
2 3 8 3 4 3 6 0 10 15 10 11 14 12 8 17 15 19 17 8 
8 1 2 1 6 8 8 0 8 8 12 10 12 8 
2 6 4 6 4 0 6 20 8 8 10 11 12 13 14 8 19 19 16 6 24 24 22 20 24 27 25 6 
2 0 4 2 6 4 6 6 10 8 2 
3 3 6 6 6 0 6 7 10 8 13 11 10 13 14 6 
0 7 7 7 6 4 1 9 7 9 12 10 1 
2 3 10 5 10 7 5 5 10 0 10 10 14 12 10 
0 1 6 6 6 10 6 7 10 1 16 16 12 15 16 10 18 16 18 19 20 21 1 
2 7 2 5 2 7 0 9 7 11 9 15 15 15 11 7 
0 3 5 3 1 5 8 1 8 8 8 11 1 
2 6 5 5 2 0 8 6 8 9 10 6 
8 3 1 3 6 4 8 0 8 9 12 8 14 12 14 8 
3 3 4 0 6 7 4 7 10 8 10 4 
2 3 0 2 6 7 4 3 12 12 12 13 3 15 13 3 
2 4 2 0 4 5 8 5 10 8 4 
5 1 1 5 0 7 8 5 10 8 5 
8 1 8 3 4 7 8 10 10 0 12 10 12 10 
4 1 4 0 4 7 9 7 4 9 10 4 
3 3 4 10 4 4 8 6 10 0 12 13 10 13 10 
0 6 6 6 6 1 6 1 8 6 1 
3 3 4 10 4 4 6 4 8 0 10 11 15 15 11 10 
2 9 2 3 6 8 6 4 0 9 9 9 
2 6 2 5 3 0 6 9 7 9 6 
4 4 4 5 0 7 5 5 
0 1 1 1 1 7 5 17 17 11 17 11 14 11 11 17 7 11 20 18 1 
4 4 4 7 6 4 0 7 8 8 14 14 14 8 16 7 18 16 20 18 16 
2 3 0 3 4 3 9 9 16 16 16 16 14 15 16 3 16 19 17 3 
0 6 4 2 4 1 6 6 6 11 9 6 15 15 12 1 
2 10 2 5 3 2 8 6 8 0 13 13 10 13 13 17 15 13 22 22 22 18 10 
2 3 4 0 4 5 6 9 10 7 4 
11 1 11 5 11 11 11 11 10 11 0 11 11 
2 0 2 3 6 4 9 9 2 9 10 13 11 2 
3 1 7 5 3 5 0 14 8 8 10 11 12 7 7 
0 3 1 7 4 7 12 7 10 8 10 1 14 12 1 
2 3 0 3 4 7 3 7 8 3 
2 3 13 5 3 7 5 9 7 13 13 11 0 19 14 15 19 19 13 13 
2 0 5 5 2 8 2 5 7 8 5 11 12 5 14 2 
14 1 14 3 6 14 6 9 10 7 10 11 12 0 16 14 19 19 16 19 19 23 21 14 
0 1 2 3 2 5 6 7 10 2 12 10 12 1 
2 0 2 3 4 5 5 9 6 12 12 9 9 13 2 
2 0 2 6 6 2 10 10 10 13 10 11 6 13 14 17 20 17 20 15 20 21 2 
12 1 2 3 6 12 6 7 6 6 10 0 12 13 14 17 15 17 12 
2 0 4 2 7 7 4 2 
2 9 2 5 9 5 8 6 0 9 9 
2 0 4 6 6 2 2 
2 0 2 3 11 11 11 7 8 11 4 11 12 13 2 
2 5 4 2 0 5 8 6 8 9 5 
3 3 5 3 0 5 6 6 5 
4 3 1 0 6 4 6 7 19 11 18 11 12 18 16 18 16 19 6 19 19 23 24 19 4 
5 1 1 3 0 8 8 5 8 8 8 14 14 11 16 14 16 17 5 
2 9 2 2 4 9 9 7 0 9 10 10 14 15 12 9 
2 0 2 6 6 2 6 7 10 11 15 13 11 15 8 15 16 17 2 
6 6 6 6 6 7 0 11 8 9 7 11 12 13 7 
0 1 4 2 4 9 9 9 1 9 1 
6 4 4 1 4 7 15 15 15 9 15 15 12 15 0 15 18 19 16 19 15 
9 1 4 9 7 7 4 4 23 9 9 11 16 15 16 9 22 17 18 22 22 16 0 23 24 24 24 27 24 29 30 23 
6 6 4 2 6 0 6 9 6 6 
6 6 6 3 6 10 10 10 8 0 10 11 14 12 14 15 16 10 
2 5 4 2 0 11 8 6 8 9 5 13 11 13 13 5 
5 1 4 2 11 9 6 7 5 9 0 11 12 13 20 20 18 16 20 12 20 21 24 22 11 
10 7 2 3 4 10 10 10 10 12 10 18 12 16 14 13 16 0 22 22 22 18 22 23 28 27 25 24 30 28 18 
2 8 2 2 4 5 8 0 8 9 9 13 11 9 14 17 15 17 8 
0 1 1 3 4 7 5 1 8 9 13 13 1 13 1 
2 4 2 0 8 7 8 4 10 8 10 13 11 15 13 4 
3 3 20 3 3 5 3 10 10 7 10 11 14 12 16 14 16 17 18 0 20 21 20 
2 8 8 8 4 5 8 0 10 8 10 8 
0 3 6 6 6 1 8 17 8 9 10 8 17 13 17 17 6 1 
2 0 2 5 6 3 6 2 
3 1 7 3 6 4 0 11 11 11 7 11 12 7 
2 3 0 5 3 5 6 7 5 9 3 
0 1 4 1 4 7 5 7 4 11 12 1 1 
2 5 2 3 0 5 12 12 10 8 12 5 5 
0 1 2 3 4 5 11 9 10 13 2 13 11 13 1 
0 3 1 5 3 1 6 7 10 14 10 8 12 13 14 17 8 19 17 19 22 19 22 23 8 
0 1 2 5 6 3 6 6 10 11 8 11 12 13 14 15 16 17 1 
2 6 4 2 4 0 6 7 6 
3 3 12 3 3 7 8 5 10 11 8 0 14 12 14 15 16 12 
2 10 2 3 4 5 3 9 7 0 13 13 10 13 16 13 16 17 20 18 20 10 
2 3 0 5 9 5 8 6 3 9 9 11 3 
7 1 1 3 6 4 10 9 7 17 14 11 14 10 14 17 0 20 18 17 22 20 17 
7 1 1 5 3 5 0 9 7 11 9 13 14 11 7 
2 0 2 3 4 7 12 7 8 7 12 2 14 12 2 
12 1 1 5 3 5 3 7 5 16 12 16 14 12 16 0 21 19 26 19 16 23 29 23 23 23 26 27 10 31 29 38 38 38 38 38 38 21 38 39 40 10 
3 1 0 3 3 5 8 16 8 9 10 11 12 8 16 3 8 8 3 
0 1 4 1 4 7 1 7 10 13 13 13 17 15 16 13 7 17 20 18 20 1 
0 9 7 5 3 5 2 7 1 11 9 11 12 13 1 
2 0 2 3 2 5 2 7 8 2 10 11 14 12 14 14 16 17 18 18 20 11 
4 4 2 0 4 4 6 9 6 11 12 9 4 
0 3 5 3 1 5 8 6 1 
0 1 1 5 1 5 6 6 6 9 9 11 1 
0 1 4 1 6 9 8 6 4 11 13 13 9 13 16 14 1 
9 1 9 5 9 7 9 7 0 11 9 14 14 11 9 
7 1 2 3 4 7 0 9 12 11 9 7 12 15 12 7 
7 4 4 1 4 5 12 7 10 7 10 0 14 12 14 17 15 17 20 12 22 24 24 20 24 20 28 12 28 29 12 
5 1 5 3 13 7 5 9 7 11 9 13 0 15 19 15 18 16 13 19 20 23 19 25 23 25 26 25 25 31 29 31 32 13 
2 10 2 2 2 5 6 6 8 0 12 10 12 17 14 15 13 19 17 10 
0 1 4 1 9 7 8 5 4 11 9 15 15 15 9 17 15 1 
0 6 1 3 6 1 1 
13 1 1 1 7 7 1 7 7 1 10 11 0 16 16 13 16 17 20 16 22 20 13 
2 3 6 5 3 0 8 12 8 9 12 6 14 12 16 17 14 17 20 17 20 23 25 25 21 27 30 29 27 17 32 30 35 35 32 37 32 37 37 6 
6 1 6 6 4 9 8 6 0 13 10 13 14 9 16 25 19 17 16 19 22 19 22 23 14 25 26 27 9 
2 3 5 3 0 7 5 7 10 12 10 7 5 
2 5 2 3 0 7 5 5 
4 1 2 0 4 5 11 11 11 11 5 11 15 15 5 17 15 4 
2 11 2 5 8 8 8 3 10 8 0 13 11 15 13 15 18 16 11 
0 3 1 5 1 8 8 5 11 11 14 11 12 8 17 17 14 17 18 19 17 21 21 25 23 1 
0 1 2 3 1 7 5 9 7 9 1 
0 1 4 2 4 7 5 7 8 11 7 13 11 13 13 1 
10 4 4 10 4 4 6 7 10 0 19 11 12 19 18 17 18 19 10 21 19 21 10 
6 3 4 1 6 0 6 6 10 11 6 13 24 13 13 23 20 20 18 23 22 20 15 11 24 6 
7 6 4 6 4 1 0 10 10 12 10 7 7 
10 10 2 10 6 4 10 10 10 0 12 10 18 13 14 15 16 12 13 19 19 21 24 22 28 28 28 19 28 
2 0 2 3 6 4 11 11 8 9 3 11 16 15 16 11 2 
2 0 4 5 2 8 8 10 10 2 13 11 10 2 
3 3 0 5 3 7 5 5 3 9 12 10 15 15 12 17 23 17 20 17 17 23 15 23 23 25 3 
9 1 5 3 2 5 8 6 11 11 0 11 12 11 
6 1 5 5 2 12 6 12 12 9 10 0 12 15 13 12 
7 1 2 7 7 7 0 9 7 9 9 11 12 13 7 
12 1 12 5 12 5 6 7 10 12 10 20 12 15 12 15 16 17 18 0 23 23 27 25 27 27 31 20 28 29 20 31 32 33 28 35 36 
4 4 2 0 4 9 9 9 5 11 9 4 
9 1 2 3 11 11 6 11 0 11 1 13 11 15 13 9 
11 6 6 3 6 1 8 6 11 11 0 11 12 13 11 8 11 
5 5 2 5 0 5 8 6 8 9 10 9 12 13 9 
9 3 9 3 6 4 6 9 0 9 10 11 12 15 12 15 16 17 
3 1 9 5 6 3 6 7 0 11 14 14 14 9 9 
2 10 2 10 10 5 6 7 10 0 10 11 12 10 
3 3 0 3 3 3 6 9 3 9 9 9 12 15 13 17 15 17 18 9 20 20 22 3 
2 5 2 3 0 5 5 5 10 5 15 11 15 15 10 5 
2 6 2 2 2 0 8 6 14 14 10 14 12 8 16 14 6 
0 4 4 1 6 4 8 1 8 8 12 10 15 15 12 1 
2 0 2 2 4 2 2 9 7 2 
2 5 4 2 0 14 8 6 11 11 12 8 12 17 14 15 20 17 20 5 20 21 5 
0 1 1 5 3 5 6 9 7 5 
8 1 1 8 8 5 5 0 12 12 12 8 8 
2 0 4 2 6 2 8 6 8 9 6 6 14 12 14 2 
4 3 4 0 4 5 5 7 8 11 9 4 
0 3 1 3 4 7 8 5 4 12 12 9 15 15 12 17 15 17 18 1 
