3 3 0 6 6 3 8 9 6 11 9 13 15 15 16 11 18 16 20 18 20 3 
2 0 2 5 2 5 11 7 10 8 6 11 12 15 13 11 19 17 20 11 20 21 22 5 5 25 26 
0 1 2 2 6 4 6 7 10 8 14 14 14 10 14 17 15 14 14 21 19 21 14 23 1 
0 4 2 10 4 7 4 4 10 1 10 11 14 12 14 17 14 17 22 22 22 10 24 22 1 
2 3 6 3 6 0 10 9 7 6 10 11 14 16 16 10 16 6 
0 4 4 1 4 7 5 4 11 9 17 11 12 11 14 17 4 23 18 19 19 21 17 23 27 27 23 30 28 27 30 33 31 1 
3 3 0 8 4 5 6 3 10 8 10 13 10 13 17 17 14 19 17 3 20 21 
0 4 4 1 4 7 5 7 8 11 8 11 12 15 8 15 16 16 18 16 20 25 25 25 16 25 26 27 1 
8 3 1 3 4 5 8 9 0 9 12 9 12 15 12 15 12 23 23 23 22 20 9 23 26 23 28 31 28 29 23 31 32 33 9 
2 4 2 0 10 10 10 9 10 4 10 4 12 13 4 
6 1 2 3 6 0 6 7 8 9 10 11 12 15 16 13 18 10 18 19 19 21 22 22 24 28 28 25 6 
4 1 2 11 6 4 6 7 10 8 0 11 12 13 13 15 19 19 20 15 22 20 22 23 26 24 11 
2 0 4 2 4 12 12 7 8 9 10 2 12 13 14 17 15 17 18 
2 4 2 0 4 5 11 12 10 8 6 11 12 15 12 11 
2 39 5 3 2 5 6 12 12 9 12 13 7 15 17 17 13 17 18 19 19 21 24 2 28 27 25 37 30 28 28 31 37 33 37 37 24 39 0 41 39 44 44 41 50 49 46 49 45 44 45 51 54 52 56 54 56 59 56 59 59 61 64 62 66 64 
0 3 1 3 4 5 6 7 8 9 1 8 12 8 14 15 1 
2 0 13 7 4 13 13 13 12 9 10 13 2 13 17 17 14 19 17 23 23 23 19 23 26 23 2 
3 3 5 5 0 7 8 5 14 9 10 10 8 13 14 15 5 
4 4 4 12 6 4 8 6 8 8 12 0 15 15 19 15 15 19 12 21 19 25 12 25 12 25 25 29 27 33 33 33 29 33 12 
5 5 4 5 0 7 8 14 8 11 14 11 14 5 14 17 15 5 
5 1 5 3 11 11 11 9 11 11 0 11 12 12 14 12 11 
2 5 2 5 7 7 0 9 7 9 12 7 14 12 14 17 14 19 20 17 22 20 12 
0 5 5 5 1 5 5 7 5 19 12 10 12 10 19 17 15 19 25 19 22 19 19 25 5 27 19 29 27 31 32 29 1 
8 1 5 5 1 5 8 0 12 9 12 8 8 
2 0 2 3 4 8 8 5 8 14 14 14 14 8 2 
6 1 6 6 6 0 8 12 8 8 8 6 12 13 14 14 16 6 
2 3 0 5 3 5 6 9 7 9 10 3 
2 0 2 2 4 9 9 9 12 9 12 2 15 15 12 17 15 15 20 15 22 20 2 
5 3 1 5 0 15 6 10 8 6 10 11 12 15 5 17 15 5 
3 3 5 5 0 7 8 9 5 9 9 5 
5 5 4 5 13 7 5 13 10 12 12 13 0 16 16 13 18 16 13 
2 0 21 21 7 21 4 7 10 7 10 13 15 13 10 20 22 17 18 22 2 15 21 
2 0 2 5 15 5 9 9 6 11 12 9 12 13 2 17 21 19 17 21 15 21 22 25 23 2 
3 1 7 5 3 7 38 7 8 8 14 11 14 8 7 17 38 17 17 17 20 21 17 23 24 27 29 34 28 29 30 31 34 23 36 34 36 0 41 39 38 43 41 41 44 38 
2 4 4 5 15 4 4 5 8 8 10 11 12 15 0 17 22 17 18 19 20 32 22 25 22 27 25 31 31 31 27 15 34 32 34 35 38 34 34 15 
2 4 2 9 4 7 4 9 0 9 10 13 11 15 13 17 20 19 17 15 33 21 24 21 26 33 26 27 28 29 29 31 20 35 33 35 33 37 41 41 38 41 45 45 42 37 9 
0 1 1 3 6 4 1 7 8 8 10 17 17 17 17 17 1 17 17 21 17 27 24 22 24 25 34 27 28 31 27 31 34 21 34 37 34 40 40 37 40 17 
3 3 8 3 4 5 8 0 15 9 9 9 14 12 8 15 16 19 16 28 22 24 24 27 24 27 28 19 27 31 29 8 
2 0 6 5 3 2 8 6 8 9 12 10 17 16 16 17 12 17 20 17 10 
2 19 4 2 4 5 2 2 16 9 9 13 14 11 16 2 16 20 0 26 26 21 22 22 24 17 26 19 
0 3 1 5 11 11 11 7 8 11 1 18 12 18 18 18 18 11 20 21 18 26 22 26 24 21 26 1 
3 1 0 5 3 5 6 9 6 9 9 11 9 13 16 14 16 14 20 18 13 13 25 23 26 27 22 27 30 28 3 
2 5 4 2 0 7 5 9 7 9 18 11 12 15 11 15 18 10 18 23 23 21 9 23 24 23 26 30 28 27 33 31 30 5 
2 16 5 5 6 2 6 9 7 14 14 14 12 9 14 0 18 16 18 23 20 23 19 23 23 28 26 32 28 28 28 23 32 32 36 34 36 39 37 16 
2 15 5 7 2 7 8 5 8 9 10 15 15 13 35 15 16 17 18 22 22 27 22 26 26 27 16 29 27 29 29 33 29 35 0 35 36 37 38 39 38 43 41 43 48 48 48 43 35 
11 1 2 3 2 5 6 7 8 9 0 11 11 15 13 15 18 15 18 18 22 18 24 28 24 25 28 30 30 22 30 30 15 
8 1 4 1 4 7 5 26 8 9 12 19 14 12 17 15 14 17 9 9 20 9 22 23 26 0 26 26 
0 1 4 6 4 2 6 1 11 11 8 14 14 11 18 17 15 14 24 21 19 24 24 18 8 
0 1 2 5 3 7 3 7 10 8 31 11 12 13 31 31 16 17 18 19 31 23 28 28 28 27 25 21 30 28 7 33 31 35 31 40 39 39 36 35 40 40 42 43 43 45 50 50 50 45 50 50 1 
3 1 0 5 3 5 6 13 13 13 10 11 7 13 16 14 16 19 20 17 20 21 3 
2 5 2 5 0 13 13 9 13 13 13 13 5 15 16 13 18 16 20 18 18 23 21 23 21 27 28 25 5 
11 3 1 9 4 7 5 7 13 9 0 14 3 13 14 15 20 20 20 16 22 23 20 11 
10 1 1 5 3 1 8 6 8 14 10 13 10 0 16 17 29 20 20 17 23 21 20 23 29 29 29 29 14 29 14 
8 1 1 3 8 8 6 0 13 9 13 13 8 13 16 13 16 16 16 16 20 16 16 23 24 25 26 27 30 28 24 
3 3 0 3 4 7 25 9 7 11 12 25 25 25 25 25 25 25 20 18 20 25 24 25 3 27 30 29 27 25 33 31 30 3 
5 3 5 5 0 5 5 7 8 5 
3 3 0 5 3 8 8 5 14 14 14 11 12 5 14 14 3 17 18 19 20 16 
2 0 6 6 6 2 6 13 13 13 13 13 15 15 2 24 16 16 16 19 22 20 22 15 28 25 28 24 2 
2 5 4 5 8 7 5 0 12 11 12 8 12 15 16 12 18 16 18 8 
3 3 6 5 3 13 8 6 8 11 9 13 0 19 16 14 19 19 23 21 19 21 13 25 28 28 28 23 13 
0 1 5 12 10 5 4 10 10 2 4 10 14 4 16 14 18 14 
2 5 2 5 0 8 8 5 12 12 12 8 12 13 14 14 18 16 18 22 22 24 22 18 26 24 26 27 26 29 14 
2 6 2 2 4 0 8 6 6 
5 1 5 5 10 5 6 7 10 0 12 10 14 12 14 10 
7 1 2 5 7 5 9 7 0 9 12 13 17 17 18 17 19 17 10 25 25 25 22 22 19 25 28 25 30 28 32 34 32 37 34 35 30 34 38 34 40 37 30 45 43 45 
2 5 5 5 8 5 8 0 8 11 9 11 14 12 8 
7 3 1 3 4 7 0 7 10 7 10 7 12 13 36 28 18 28 20 21 18 18 28 23 28 25 25 36 30 28 36 34 34 35 36 7 38 36 38 7 40 41 
0 1 1 3 4 8 8 4 8 11 15 11 11 13 8 19 19 19 22 19 22 15 22 23 8 27 28 30 28 31 25 31 31 1 
2 3 10 3 10 9 9 9 10 0 12 13 10 15 13 15 16 19 13 21 19 21 22 23 10 
7 1 7 7 4 7 0 7 8 11 9 9 12 13 16 13 16 13 20 18 20 21 7 
3 1 0 13 6 7 13 7 11 11 13 11 3 13 13 3 16 17 23 19 23 23 3 23 26 24 28 29 26 31 29 29 32 29 43 35 36 40 40 37 40 40 29 3 
2 5 2 5 0 7 5 30 8 30 12 30 12 12 14 21 21 21 20 21 15 21 22 23 21 15 26 12 30 7 5 
2 0 2 6 6 9 6 7 2 12 10 9 12 17 17 17 2 17 9 17 24 21 24 20 2 
34 1 1 5 3 1 6 7 1 11 9 13 11 34 23 17 34 17 20 17 23 23 20 25 23 25 25 33 28 33 33 33 27 0 36 34 36 37 34 
2 5 2 3 9 5 5 7 0 11 15 11 12 13 9 22 22 22 18 22 22 23 15 25 23 25 25 27 9 
2 3 7 3 3 5 0 9 18 9 13 13 9 13 14 18 18 7 18 18 22 20 24 18 24 18 28 18 7 
10 1 4 2 4 8 6 5 8 0 14 14 14 10 14 15 16 14 14 26 20 21 25 25 22 14 28 26 30 28 28 33 14 33 33 38 38 35 33 
3 3 8 3 6 4 6 0 11 11 8 13 11 13 16 17 21 19 17 19 36 23 27 23 26 23 21 32 28 29 30 27 32 35 32 13 36 37 40 38 8 
7 1 2 3 7 7 8 19 8 8 10 13 11 15 13 15 18 16 0 19 20 20 22 23 24 27 20 29 26 29 29 31 19 
2 6 4 2 4 0 14 14 14 12 12 14 12 6 16 14 16 17 18 19 20 21 25 22 16 25 26 27 
2 10 2 5 3 2 8 6 10 0 12 14 12 27 14 17 14 19 17 21 19 23 14 25 23 23 10 30 30 27 30 31 31 33 33 35 36 37 40 35 40 41 42 42 44 44 46 47 
2 5 2 5 8 7 5 0 11 11 15 11 12 13 8 20 20 17 20 15 20 23 21 25 20 25 28 31 28 31 25 8 
4 1 4 9 4 10 10 7 0 4 10 10 12 13 13 10 18 20 18 10 20 21 24 22 9 
0 12 2 3 4 7 4 7 8 9 12 1 12 16 16 21 18 16 18 19 13 21 22 22 12 
11 1 1 5 1 8 8 10 8 5 0 15 12 12 11 17 24 17 24 21 23 23 24 15 26 24 11 
0 1 4 2 4 5 8 4 12 8 9 10 16 15 13 12 16 17 22 19 20 16 1 
2 3 7 5 3 7 0 7 10 7 7 16 12 15 12 7 20 19 17 16 22 27 22 23 24 25 20 22 30 28 7 
4 4 2 0 6 19 19 7 8 9 12 10 12 13 19 17 19 17 4 19 22 19 4 
2 0 2 2 4 5 11 11 10 8 4 11 17 16 16 17 11 19 17 19 22 20 26 26 26 22 26 22 
18 1 1 5 3 1 8 6 1 11 9 16 16 16 16 1 16 0 21 21 26 21 21 25 23 32 26 29 27 32 32 38 34 32 34 35 36 18 41 42 38 41 18 
3 3 0 6 4 3 10 10 8 6 13 11 10 10 14 15 15 17 20 18 22 18 22 3 
0 1 4 1 4 5 9 7 4 11 16 13 11 13 14 18 16 9 18 21 19 21 22 21 24 25 29 29 25 1 
3 3 23 5 3 8 6 5 8 11 8 11 14 18 14 17 14 3 22 19 22 18 0 23 24 24 28 24 23 
0 3 1 5 1 5 6 9 17 9 13 13 10 13 16 14 19 17 5 5 1 21 22 23 24 24 26 27 24 29 30 30 34 35 32 37 35 21 
2 8 2 3 4 7 5 0 8 11 8 13 8 13 14 13 16 16 16 19 22 20 22 27 26 27 23 27 27 31 29 31 32 33 36 34 8 
0 1 1 3 3 7 5 9 5 9 10 5 
3 1 0 3 3 3 6 7 7 15 15 13 15 15 9 15 16 7 
0 1 5 5 1 5 6 5 10 1 12 20 20 13 14 17 15 17 18 10 20 21 21 23 24 1 
0 3 1 5 3 5 6 14 11 11 14 11 12 5 16 20 19 19 16 14 20 24 24 21 26 24 26 27 1 
0 1 9 3 4 7 5 4 2 4 12 13 10 16 16 13 18 16 18 19 19 21 22 25 23 1 
7 4 4 7 4 7 0 10 10 11 7 14 14 11 7 
3 3 0 3 6 4 6 4 8 9 10 3 12 13 16 14 18 16 13 19 20 21 
2 0 2 5 6 3 6 9 6 6 
7 3 1 7 6 7 0 10 10 7 10 7 12 13 13 15 18 16 18 18 18 7 
4 1 1 12 7 7 4 7 7 9 12 0 16 16 16 12 18 19 16 21 19 21 12 
3 3 0 3 4 4 4 7 12 12 12 7 4 17 14 15 4 20 18 17 20 23 21 3 
2 9 2 3 3 12 12 7 0 12 10 5 9 
2 0 4 7 4 5 2 14 14 14 12 10 14 7 10 14 18 16 2 
0 1 4 1 8 7 5 4 8 11 9 11 14 15 12 15 18 16 18 19 20 24 24 18 24 25 28 24 1 
0 3 1 5 3 9 9 9 16 13 12 13 9 9 16 19 16 19 5 16 22 20 1 
4 1 4 8 6 4 9 0 12 9 10 13 4 15 13 8 
2 5 4 2 0 10 6 10 8 15 10 15 15 13 5 15 16 5 
15 4 4 7 4 5 1 4 10 8 12 15 12 13 0 19 19 17 21 19 15 24 22 21 26 24 28 26 31 29 28 31 32 33 34 37 31 37 37 39 40 41 
14 1 8 3 6 7 4 1 8 11 8 11 12 0 16 14 16 16 18 18 20 14 
0 1 4 2 4 5 1 12 8 9 12 1 15 15 12 15 18 19 16 21 19 1 
4 4 4 0 4 7 4 7 12 12 10 4 14 12 12 17 22 17 22 21 22 24 22 12 4 
30 1 2 6 6 30 6 9 7 12 10 9 15 13 12 19 18 19 15 19 6 23 32 23 24 24 24 27 23 0 30 6 30 
5 5 2 5 0 5 5 22 12 12 10 8 14 19 14 15 19 17 12 19 12 7 24 22 22 25 31 31 31 31 22 33 31 5 
2 0 2 3 4 5 4 7 8 7 10 2 
0 3 4 1 4 4 6 9 12 9 12 4 12 13 27 15 19 17 15 22 20 19 22 22 24 25 1 29 27 1 
3 1 11 3 6 3 3 10 10 3 0 14 14 11 14 14 16 11 
2 5 2 5 0 19 6 11 11 11 13 11 7 6 16 14 19 19 5 19 5 
2 0 4 2 2 2 6 2 8 9 20 11 11 20 17 15 20 20 20 2 22 20 2 
0 1 1 3 4 1 6 9 13 9 10 11 18 15 13 15 18 1 20 18 20 23 21 25 26 23 26 26 20 31 20 31 32 33 34 35 39 39 43 39 40 43 36 43 44 1 
4 1 2 13 4 5 6 7 8 5 12 10 21 15 13 15 16 19 17 21 0 21 22 25 21 30 26 27 28 25 30 31 21 
0 1 2 5 2 10 6 10 5 9 9 16 16 16 14 9 18 16 18 1 
2 0 4 7 6 4 2 11 11 11 18 13 11 18 16 18 18 7 18 21 19 21 22 23 24 22 28 26 2 
3 1 0 5 3 3 6 9 7 13 12 10 9 13 14 14 16 17 20 16 33 23 33 32 26 29 29 27 32 29 30 23 20 33 34 3 
9 1 4 1 4 5 6 7 15 9 10 13 10 15 0 15 18 15 18 15 23 23 15 15 
6 1 6 6 6 0 6 7 14 9 9 11 12 22 16 17 18 14 20 18 22 26 22 23 24 6 28 30 28 26 6 
0 1 2 1 6 1 6 10 10 7 10 10 12 21 14 17 18 15 10 21 19 21 30 30 30 25 26 30 30 22 32 30 1 
2 5 5 3 9 9 9 7 0 11 14 13 11 9 17 15 14 17 20 14 20 23 21 23 24 25 9 
6 6 6 5 3 20 11 11 11 11 6 13 20 13 14 15 16 13 20 0 20 13 22 20 
2 0 2 3 8 8 8 4 8 11 2 11 2 
2 14 5 5 2 5 2 7 8 9 12 10 14 0 14 14 16 14 
2 4 4 10 4 5 10 10 10 0 10 10 
2 0 2 6 6 2 6 7 8 7 10 16 14 16 14 11 2 
7 4 4 1 4 5 0 7 24 24 24 11 11 24 14 17 15 17 20 14 20 24 24 7 24 25 7 
2 0 2 2 6 4 8 6 8 9 13 13 10 13 14 13 28 28 20 18 18 23 24 21 18 25 26 2 30 28 30 2 
4 1 4 12 4 4 9 9 6 9 10 0 12 15 13 13 19 19 16 12 
2 5 5 5 0 18 18 9 18 18 18 11 18 18 16 14 18 5 18 19 5 
2 50 5 5 16 13 13 7 7 11 9 11 5 13 13 18 16 2 18 35 23 21 35 35 35 25 28 31 31 31 26 31 32 33 19 35 36 43 43 43 40 43 37 48 48 48 46 43 48 0 52 50 50 56 56 53 56 59 57 61 59 61 50 
6 1 2 3 6 0 19 7 8 17 10 14 14 10 14 17 8 17 6 19 19 19 6 
5 1 4 2 0 5 5 9 7 5 12 10 14 12 16 14 18 16 20 18 20 12 
4 1 2 10 4 7 10 7 10 19 10 13 14 10 14 15 10 19 0 19 19 21 22 25 23 19 
3 3 18 3 3 7 5 18 8 18 18 11 18 16 16 18 18 0 18 19 23 23 19 23 18 
4 1 2 0 9 5 6 9 4 18 18 18 14 12 18 17 18 9 18 21 19 21 4 
4 4 2 0 6 4 12 7 8 9 12 6 12 17 17 17 13 17 18 22 22 19 22 23 23 28 28 25 28 28 30 4 
2 26 4 2 6 4 6 9 26 17 10 17 18 15 12 15 9 17 18 18 18 21 9 25 26 0 26 27 26 
7 3 7 3 7 7 8 0 10 11 22 22 22 13 13 15 19 19 16 19 22 25 24 22 8 25 26 8 
8 1 4 2 8 8 6 16 16 11 13 13 16 15 13 0 18 23 18 21 18 18 16 25 23 16 
2 4 4 0 6 4 11 11 11 9 6 11 11 15 13 11 18 4 18 22 20 18 4 
2 5 4 2 25 5 8 9 5 12 10 22 12 16 14 17 12 22 22 19 20 9 22 23 0 27 28 25 25 
4 1 2 0 6 7 8 4 11 9 8 15 15 15 21 21 21 21 18 21 11 23 21 25 23 4 
4 1 1 0 8 8 8 4 8 8 12 10 14 12 16 14 16 19 16 4 
2 30 2 3 10 10 8 10 8 2 12 26 12 12 12 15 16 23 20 18 20 23 17 23 24 10 28 12 30 0 30 31 31 33 30 
6 4 4 1 6 0 6 15 10 14 10 13 11 8 20 19 16 19 15 6 22 20 22 23 22 22 6 
2 14 2 14 14 5 6 11 11 11 14 11 11 0 17 15 14 17 20 17 14 
3 3 0 6 6 7 10 9 7 3 21 21 14 21 14 21 18 21 18 21 10 25 22 25 21 3 
8 1 1 3 4 4 4 0 10 14 10 11 14 8 18 17 18 14 18 21 19 21 22 23 32 32 28 32 28 28 32 21 32 33 21 
0 1 4 2 6 1 6 12 12 12 12 7 12 13 14 1 
2 4 2 0 4 5 6 7 8 4 10 11 14 11 14 15 15 19 17 4 
0 1 1 3 4 5 8 1 8 8 13 8 8 13 14 15 16 17 23 23 23 23 18 23 23 27 25 23 30 11 30 30 32 37 39 35 36 39 33 42 40 39 42 43 46 44 46 11 1 
5 3 5 5 0 7 8 5 10 8 10 11 12 17 17 17 8 17 
2 3 0 5 3 5 3 9 7 9 10 11 12 11 14 15 16 17 18 18 22 20 22 23 24 25 18 27 18 29 29 34 34 31 38 35 36 34 40 38 42 38 42 3 
2 4 2 0 4 5 5 7 10 8 4 
6 3 1 6 6 0 6 6 8 11 12 13 9 6 
2 3 17 5 3 8 6 5 8 8 13 13 10 18 18 18 0 8 18 18 18 23 21 23 21 25 29 29 26 29 17 
2 4 4 0 6 4 12 12 10 8 12 6 12 12 14 15 21 21 21 21 14 21 22 4 
2 3 9 7 7 7 3 7 0 11 15 15 12 15 9 15 9 
4 3 1 0 4 4 4 9 4 9 10 11 14 20 14 15 16 17 18 12 20 23 25 23 20 25 28 26 28 29 4 
2 3 8 3 6 4 6 0 8 9 10 11 12 13 16 14 16 17 18 8 
4 4 4 0 4 4 6 7 11 11 4 15 12 12 11 17 19 19 15 4 
5 1 5 5 6 0 11 10 8 7 6 13 11 13 16 18 18 13 6 
2 0 4 2 6 2 10 10 10 15 10 13 11 15 6 19 19 19 23 19 22 20 15 25 23 28 26 25 2 
10 6 2 5 3 1 8 6 8 0 10 10 12 10 
2 15 2 3 4 5 6 7 10 8 12 15 15 15 0 15 18 16 18 19 27 27 27 27 27 25 20 27 31 31 28 15 
4 1 2 0 4 5 4 7 8 9 12 18 12 18 14 15 18 4 23 19 22 23 18 4 
2 8 2 5 6 2 8 10 8 0 12 10 14 12 16 14 12 19 17 10 
2 0 2 2 4 7 5 11 11 11 7 11 14 12 18 18 16 7 21 19 25 24 22 21 18 28 26 25 28 2 
9 3 9 3 7 7 3 3 15 9 9 9 9 15 18 18 18 0 20 18 20 20 22 18 
5 3 1 5 8 7 5 0 11 11 8 11 12 15 13 17 13 19 17 19 22 19 22 8 
0 1 4 2 6 1 6 7 7 11 7 15 12 15 11 15 16 19 16 1 
5 3 1 5 0 5 6 7 8 9 12 14 9 9 14 18 16 15 20 18 14 23 21 23 5 
2 11 2 3 2 5 6 12 12 9 0 2 12 15 12 17 15 17 18 19 20 11 
0 3 4 1 6 7 4 7 8 9 12 10 12 1 
0 1 2 3 3 5 8 3 15 9 12 15 12 15 8 15 16 19 21 19 15 23 21 3 
0 3 1 3 8 8 6 1 8 14 13 13 14 9 14 15 14 1 
0 1 1 3 4 3 10 10 8 3 10 3 12 15 12 15 1 
3 3 27 3 6 9 9 9 11 9 16 16 16 13 14 18 16 27 18 19 20 27 25 25 27 27 0 29 27 27 
4 3 1 0 4 8 8 5 10 8 10 11 16 15 16 10 16 17 20 16 16 10 25 8 24 23 23 29 27 4 
3 3 5 3 0 7 10 7 8 5 12 15 15 15 10 20 19 19 20 15 22 20 22 27 27 27 15 27 
4 4 4 0 8 8 8 4 8 11 9 11 8 15 4 15 19 19 16 4 20 20 22 4 
0 1 7 5 3 7 1 11 11 11 15 11 12 13 7 18 18 15 1 
2 3 0 3 11 11 11 9 7 11 4 11 12 13 16 11 19 19 16 22 22 19 22 23 3 
7 1 4 5 2 5 0 7 7 14 12 14 14 15 9 19 19 17 15 7 
4 4 2 0 7 7 8 4 8 11 12 8 14 12 16 14 18 19 16 4 20 21 
2 0 14 14 10 10 8 6 8 4 10 10 14 2 4 17 15 2 
11 1 5 5 9 9 9 9 2 9 0 13 17 17 16 17 11 11 
7 1 4 1 4 7 0 9 16 9 10 11 9 15 13 7 18 23 23 21 22 23 16 23 7 
2 3 0 3 4 5 8 3 8 9 10 11 12 13 14 17 15 17 17 17 20 17 
2 5 2 3 0 26 6 9 7 26 10 18 18 16 16 13 16 26 22 22 22 18 22 18 26 5 5 
2 0 5 16 2 5 10 4 10 5 10 13 10 16 16 13 16 2 
2 0 5 5 2 7 12 12 11 11 12 5 12 13 14 15 2 
2 0 2 2 4 5 6 6 8 13 12 13 2 13 13 17 18 15 22 22 22 23 18 25 23 2 
0 1 4 1 14 5 8 14 10 8 14 14 14 4 1 
2 4 2 0 4 5 6 9 7 9 14 13 14 5 16 14 16 17 18 4 
7 3 7 3 4 7 0 12 10 11 8 7 14 12 7 
2 3 12 5 3 8 8 5 8 8 12 23 12 12 14 12 23 17 18 23 22 23 0 23 24 23 
2 14 14 14 4 7 8 4 14 11 14 13 11 0 16 14 16 16 18 14 
14 1 4 13 7 7 10 9 7 13 10 13 1 0 14 23 23 23 20 18 18 21 14 25 23 25 14 
2 3 0 5 11 7 5 7 8 11 3 11 12 13 16 17 25 17 17 21 22 19 22 25 31 25 26 31 28 31 13 33 31 3 
3 3 13 3 3 5 13 10 10 13 10 11 0 13 16 14 13 13 18 19 20 13 
2 35 2 3 6 3 8 35 19 11 9 13 9 13 13 9 18 16 23 19 19 21 32 23 24 27 23 27 30 28 27 35 32 33 39 35 36 37 0 41 39 43 41 43 43 45 39 
2 3 6 5 3 0 8 11 11 11 16 11 14 12 14 6 16 6 
9 1 18 18 4 7 5 11 0 11 18 11 14 12 16 14 18 1 9 
2 0 4 2 6 2 6 6 8 9 10 11 2 
7 3 1 5 3 9 6 9 0 9 12 10 14 12 14 17 15 17 18 17 15 21 22 23 24 25 22 27 9 
0 3 1 9 9 9 6 9 1 9 9 9 12 13 12 12 12 22 22 19 20 17 1 
0 7 2 3 6 7 1 12 12 11 9 1 12 15 12 15 1 
0 3 9 3 6 7 4 7 11 9 1 11 12 13 14 15 16 19 13 19 1 
0 1 1 8 8 8 8 3 8 8 10 8 17 13 14 17 1 17 18 21 19 21 17 23 26 23 26 1 
4 1 2 0 3 7 5 10 10 1 13 13 14 10 14 15 4 
0 9 4 2 9 9 8 6 12 9 10 1 12 13 14 1 
2 13 2 5 2 2 8 6 8 12 12 9 0 15 13 15 18 15 20 18 18 21 13 
2 10 2 2 6 2 6 2 10 0 10 14 12 11 17 15 19 17 14 22 20 19 22 23 10 
0 1 2 3 4 5 10 10 10 2 12 10 18 15 16 13 16 12 18 19 22 19 26 26 26 22 26 27 28 22 
0 1 2 3 4 5 5 7 8 9 10 13 11 13 14 1 16 23 17 21 24 21 21 32 24 24 24 29 27 29 30 19 34 46 34 34 36 44 41 39 38 41 42 36 44 51 46 49 46 49 32 57 57 53 57 57 51 59 57 77 60 57 77 77 64 67 65 69 76 77 68 67 76 76 74 72 62 79 77 1 
21 1 2 3 6 4 8 4 8 4 10 11 15 18 12 18 18 15 15 19 0 24 22 21 24 21 
0 1 7 7 4 7 1 7 7 7 14 14 14 10 14 7 1 17 21 21 7 1 
3 3 4 0 6 4 8 13 8 12 12 9 6 17 17 17 13 4 
2 3 0 3 6 3 6 7 8 9 12 15 12 12 3 19 16 16 15 21 24 21 22 19 30 25 30 29 30 34 30 30 32 24 34 3 
4 4 4 0 8 7 8 11 11 11 4 18 14 18 16 18 18 11 18 19 26 26 24 22 26 19 29 27 26 4 
11 1 7 2 3 5 4 7 7 7 19 11 14 11 19 19 19 19 0 19 20 21 24 27 27 27 20 30 30 27 30 31 32 19 
0 1 1 3 4 5 8 6 8 6 12 10 12 12 10 15 18 10 18 10 20 26 22 25 21 25 25 
2 3 0 19 19 7 5 7 11 11 8 11 14 19 14 14 16 14 3 21 19 3 
0 3 1 8 8 7 8 12 8 9 12 1 14 21 14 21 21 19 17 21 12 23 21 23 24 1 
5 1 2 3 16 5 8 16 8 11 9 8 16 15 13 0 18 16 16 
2 5 5 5 0 5 8 6 10 8 10 5 
14 4 4 1 4 5 8 14 8 9 8 14 12 20 16 17 20 17 18 0 22 20 20 
2 19 19 3 6 19 6 19 19 19 10 13 19 15 19 17 15 19 0 19 
0 1 5 5 1 7 5 9 15 11 12 9 15 15 5 17 15 19 21 19 17 1 
13 1 4 2 6 4 8 1 8 11 8 13 0 13 14 17 19 17 14 21 19 23 26 23 24 21 26 27 28 13 
2 0 2 3 6 4 2 7 21 9 13 13 10 15 13 15 13 19 10 19 2 21 22 2 
3 3 0 5 3 5 5 9 5 5 3 11 11 13 11 17 15 22 22 22 22 11 26 26 24 22 3 
3 3 6 3 4 14 6 6 10 6 10 13 11 29 14 15 15 19 17 19 23 23 20 23 23 25 25 26 0 23 30 29 
5 5 5 5 36 10 10 10 10 5 10 13 14 11 14 15 25 17 18 19 17 17 24 22 10 27 25 27 27 29 30 31 31 33 36 0 36 36 38 41 39 36 
16 1 2 5 6 3 6 2 10 16 10 13 14 11 16 0 18 19 56 27 20 27 24 27 27 27 19 40 31 31 40 31 32 35 33 35 38 36 40 27 42 40 42 46 46 50 46 47 50 19 53 53 50 53 53 16 56 57 58 16 
0 1 2 3 4 5 9 10 5 12 10 9 12 15 13 17 15 17 18 17 20 21 22 23 24 27 25 1 
2 0 5 3 6 7 2 7 8 11 20 11 20 13 13 15 13 17 18 2 20 20 22 25 23 2 
2 14 2 2 2 5 8 2 8 11 9 11 12 0 16 20 16 19 17 14 20 21 22 21 24 25 26 27 31 31 25 33 31 35 33 35 36 37 38 39 40 14 
2 0 2 5 2 5 6 9 7 9 12 10 17 16 14 13 5 19 27 19 20 27 26 23 26 27 32 27 28 29 32 2 41 35 33 42 36 37 38 39 54 41 42 50 50 50 48 46 50 43 50 51 54 32 59 57 55 57 54 61 59 2 
6 1 4 2 4 10 6 6 10 0 15 13 11 13 10 15 15 19 17 19 10 
2 6 5 5 2 0 19 7 8 9 12 10 12 19 16 17 19 19 6 19 20 21 21 23 24 27 25 6 
2 6 2 2 4 0 8 9 11 9 6 14 14 11 14 17 15 6 
13 3 1 6 6 3 8 6 13 13 10 13 0 13 14 14 21 17 20 18 13 21 21 21 24 25 13 
0 3 1 21 21 7 5 11 11 11 5 11 16 15 16 11 16 17 18 5 1 25 22 25 5 25 26 26 28 26 33 33 26 33 1 
2 3 11 5 3 5 11 9 11 11 0 13 28 13 16 13 19 19 16 19 20 16 24 16 26 24 16 11 28 32 32 29 32 33 11 
0 1 1 5 13 5 6 11 11 11 5 11 3 13 13 13 16 21 21 21 16 21 24 21 21 27 25 21 28 29 28 31 1 
4 1 1 0 6 17 8 11 8 8 6 14 12 11 17 17 4 17 18 19 23 23 19 19 27 27 24 30 30 27 30 31 32 33 33 4 
7 3 6 6 6 1 0 7 7 7 10 13 10 16 16 18 16 13 18 19 20 21 25 25 18 27 25 7 
0 3 4 1 4 7 5 10 10 16 10 10 12 10 16 18 16 4 21 21 26 23 26 23 24 18 26 30 30 26 4 31 34 32 34 35 36 34 38 41 39 32 
12 1 4 12 7 7 4 7 7 12 10 0 12 12 16 21 18 16 21 21 23 21 12 23 24 27 24 27 28 32 32 27 32 12 
2 5 2 2 0 9 6 6 5 13 13 13 9 17 17 15 21 17 18 17 13 23 29 26 24 23 26 27 21 33 33 33 29 5 
5 3 1 5 0 5 5 7 5 5 10 13 15 15 11 17 18 15 18 18 18 24 22 18 5 
0 1 4 2 2 7 5 7 8 11 9 1 
10 1 2 10 4 5 6 4 10 11 0 16 12 15 13 11 18 16 11 
3 1 21 3 3 7 8 9 3 11 9 11 11 11 16 14 16 17 18 19 0 21 24 22 21 
4 3 1 7 6 4 0 9 7 9 9 17 14 12 14 14 11 17 20 9 22 20 26 25 26 22 7 
2 5 4 2 9 7 5 9 0 17 10 11 12 12 14 12 9 20 20 17 22 20 22 23 24 17 26 27 28 29 32 29 27 
0 1 1 6 6 3 9 9 1 9 17 11 11 11 14 15 9 21 18 19 26 21 21 23 24 17 28 26 28 28 35 33 35 33 30 35 36 37 26 41 42 39 44 42 44 
0 1 5 5 1 9 6 9 17 9 9 9 12 13 17 17 5 19 17 19 22 20 24 22 24 24 28 26 1 
2 3 6 3 4 0 13 10 10 7 10 11 6 15 13 15 18 15 18 21 19 6 
3 3 7 3 4 7 0 9 13 9 13 13 7 15 13 15 16 19 20 15 22 20 22 25 23 27 25 30 30 27 7 
5 5 5 5 0 7 5 9 7 9 12 10 12 13 12 15 18 16 12 10 20 21 24 20 24 5 
2 5 2 3 0 8 8 5 8 9 8 13 16 13 14 11 16 17 21 21 18 11 24 22 24 24 28 26 24 
0 3 1 5 3 5 6 9 6 11 9 13 11 17 17 17 13 17 18 3 
0 1 5 5 14 5 5 7 5 9 12 5 14 2 16 14 16 17 20 18 25 25 25 23 20 25 25 27 27 29 30 1 
2 7 16 16 18 8 0 5 8 9 8 13 11 8 16 2 18 15 23 21 23 21 18 7 
3 3 0 6 6 10 8 6 8 3 10 10 10 15 13 19 18 19 23 19 19 23 10 26 26 23 31 31 28 31 26 33 31 35 33 3 
0 3 1 3 3 7 11 9 7 9 5 3 14 12 3 17 3 19 20 17 22 20 17 27 27 27 29 27 17 31 37 31 32 36 36 37 29 39 40 37 43 43 37 43 43 45 46 1 
4 1 4 16 7 7 4 7 8 16 12 16 16 16 14 0 16 16 20 16 20 21 24 22 24 25 16 
5 5 2 3 0 5 6 10 10 7 10 10 15 13 10 15 5 
3 3 6 5 3 0 8 18 8 9 9 11 14 12 14 15 16 6 20 24 24 24 24 18 24 6 
0 1 4 5 2 1 28 7 10 8 10 18 18 18 17 15 14 7 18 18 22 20 18 7 26 24 28 1 28 29 30 1 
2 3 10 3 4 3 6 10 10 0 10 10 12 10 16 10 16 20 20 16 34 34 25 25 34 27 34 29 30 34 30 31 32 36 34 20 36 37 37 39 37 41 45 45 41 45 46 
2 6 2 6 6 0 6 6 8 6 15 11 11 15 6 15 16 17 16 19 20 21 22 
3 3 7 5 3 7 0 7 7 9 12 10 12 7 
0 1 1 3 6 1 6 6 13 13 13 11 8 1 13 14 19 17 13 19 19 1 
2 0 5 5 2 4 4 10 10 7 14 14 14 10 14 14 16 2 
7 1 2 1 1 5 10 9 7 17 12 10 15 13 12 17 0 25 18 19 23 23 20 25 29 25 25 27 17 31 29 31 31 33 36 33 36 17 
3 3 0 3 4 7 3 9 7 9 12 10 11 13 14 17 18 15 22 22 22 18 24 13 24 24 26 27 28 31 24 33 42 33 33 33 36 33 33 39 33 31 44 42 7 
5 5 5 5 8 5 6 0 10 11 23 13 11 15 13 23 23 17 23 23 20 21 8 8 
22 1 4 2 6 8 6 4 8 9 12 8 15 12 14 15 19 19 15 19 22 0 27 27 24 27 22 22 
2 10 2 3 10 10 8 10 10 0 12 13 14 10 16 14 10 
5 5 4 2 0 5 8 6 8 12 12 9 14 5 16 14 20 20 20 16 20 23 20 23 5 
2 0 4 7 4 5 2 9 7 9 9 13 19 13 14 15 13 17 20 11 20 20 22 20 24 2 26 27 
2 0 10 10 10 10 10 7 10 2 12 17 12 17 14 17 23 19 17 17 22 20 10 30 26 24 24 29 27 23 30 31 34 30 2 
10 3 1 3 4 5 1 9 10 20 12 10 12 15 10 18 18 15 20 44 20 21 22 23 44 44 26 27 30 27 30 31 34 27 36 38 36 34 38 39 40 44 44 0 44 47 45 47 50 44 50 51 54 52 44 
2 6 4 6 4 0 8 6 8 12 12 6 15 13 12 15 18 12 20 21 18 23 21 25 23 25 26 6 
2 3 11 5 3 5 8 6 11 9 0 23 12 12 16 17 14 17 20 18 20 21 11 25 23 25 26 11 
12 3 12 12 6 12 12 12 10 8 12 0 16 16 16 12 23 23 23 23 20 23 16 
12 3 4 1 4 4 6 9 7 12 12 17 12 17 17 15 0 17 18 19 
9 1 1 3 1 1 6 7 16 11 9 14 14 11 16 0 19 19 16 19 16 
10 1 4 1 7 7 8 4 10 0 12 16 12 13 16 10 18 16 18 10 
6 6 5 3 6 0 6 7 8 7 12 14 14 10 17 15 14 6 
3 3 5 3 10 5 8 6 10 0 10 13 10 13 10 
7 1 4 1 4 5 0 9 17 8 10 17 14 16 16 17 7 19 17 19 20 21 7 
3 1 8 7 7 7 3 0 13 13 13 13 8 15 13 15 16 20 18 16 22 20 22 23 8 
2 0 5 5 2 13 8 6 8 8 10 11 5 15 13 17 15 17 18 17 22 20 22 17 5 27 25 31 28 29 27 33 31 33 2 
2 3 0 5 3 25 6 7 12 12 12 8 16 12 14 14 25 19 25 25 25 25 24 25 5 3 
5 3 1 3 0 15 6 9 7 9 6 11 12 15 5 19 16 19 26 19 20 23 21 23 26 15 29 27 26 34 34 33 31 29 5 
12 3 1 5 3 5 5 7 8 9 12 0 14 17 14 17 12 19 20 17 20 21 20 12 
8 3 1 5 3 3 8 0 8 11 9 17 14 16 16 17 11 19 17 21 17 21 22 
7 1 2 5 7 7 25 9 14 12 10 9 14 21 16 14 18 16 18 19 7 21 22 23 0 25 26 26 35 31 29 26 35 33 32 
0 3 1 1 4 5 9 9 5 9 5 18 18 13 14 17 15 11 18 21 19 21 22 22 24 25 1 
5 1 1 5 0 5 5 7 8 13 10 11 9 13 16 14 5 25 18 19 20 21 25 25 27 25 5 27 28 32 32 29 5 
0 7 7 7 7 7 1 10 8 7 10 13 10 15 13 19 16 17 15 21 16 21 22 1 
7 1 1 1 6 4 0 9 7 9 10 11 12 12 14 12 18 19 12 22 22 19 7 
6 6 2 5 6 0 6 7 12 11 9 18 12 12 12 12 16 27 20 18 20 20 22 26 26 23 8 35 35 29 30 33 31 33 27 
2 4 2 6 4 0 9 9 6 9 9 9 14 12 14 15 18 9 21 21 18 6 
7 1 4 7 7 5 0 7 10 11 7 14 14 7 14 17 7 17 18 7 
0 3 1 7 6 4 10 7 10 13 10 11 19 13 14 19 19 19 3 1 
2 21 4 2 6 8 8 4 8 11 9 11 12 13 14 21 21 21 18 21 30 23 21 25 23 25 30 30 28 0 30 
2 0 2 7 7 7 8 2 11 11 14 11 11 8 30 15 18 15 30 19 22 20 22 30 26 30 30 30 30 14 30 2 
3 3 10 3 4 5 6 7 8 0 13 11 10 15 25 15 15 17 20 25 22 20 20 23 29 25 25 27 13 29 30 30 10 
2 8 2 5 2 5 8 0 8 9 10 10 14 12 16 18 16 21 20 18 28 24 24 21 28 28 26 32 28 29 30 14 34 32 36 34 36 37 40 34 40 43 41 45 42 45 46 49 47 51 55 55 55 55 49 8 
2 3 0 5 3 9 8 9 5 9 10 11 16 16 16 3 16 19 25 19 22 19 22 25 3 25 26 26 28 29 30 31 32 3 
2 5 2 3 10 5 10 9 10 17 12 10 12 13 14 17 0 19 17 21 19 17 
6 3 1 5 3 11 6 7 10 8 0 11 11 15 11 15 18 16 11 
3 3 0 3 3 9 6 9 10 3 12 10 14 12 17 15 14 19 17 24 24 21 24 17 24 3 
0 3 1 5 7 7 3 7 11 11 8 11 14 12 21 18 14 17 15 18 11 21 1 
6 1 4 2 4 21 11 9 7 11 6 13 6 13 14 15 19 19 16 13 43 35 26 23 24 27 22 29 27 29 33 33 29 29 39 35 36 37 41 39 21 41 47 45 47 45 0 47 
0 1 1 5 3 9 6 7 1 13 10 13 9 13 16 13 23 23 20 18 23 23 16 1 
7 3 1 3 6 4 0 7 7 13 13 13 17 13 14 17 9 21 21 21 17 7 
0 1 8 8 8 5 8 1 8 9 10 8 14 17 16 17 8 20 18 26 20 24 24 20 26 17 28 30 30 26 30 31 34 32 34 35 1 
2 3 0 3 6 3 6 9 7 9 12 10 12 9 9 9 16 17 18 3 
7 1 4 1 4 5 8 0 8 9 12 13 9 15 18 15 16 13 18 19 22 20 22 23 23 27 25 27 28 28 30 33 45 33 34 42 36 37 38 42 0 33 44 42 18 45 46 47 48 49 50 
2 10 2 5 3 10 10 10 10 17 10 11 12 10 17 17 0 17 
0 1 22 22 4 5 10 12 8 4 12 10 10 17 16 14 4 17 18 19 22 1 24 22 26 29 26 29 22 37 37 37 34 32 34 34 29 37 38 22 
10 1 10 5 3 10 6 7 8 0 19 19 12 13 19 15 16 19 10 21 19 10 
8 1 8 5 3 5 6 0 10 17 10 14 14 11 16 14 8 17 18 18 18 24 24 21 28 28 28 34 28 31 28 31 34 18 36 37 41 37 37 39 34 41 44 42 
3 1 7 5 3 7 0 10 10 12 10 7 15 13 12 15 19 17 15 21 19 7 
2 6 2 6 6 0 6 7 8 9 15 11 11 13 6 17 15 17 22 22 22 18 6 
25 25 4 25 4 4 8 9 6 9 4 11 14 4 17 17 14 17 25 25 22 25 25 25 0 25 
13 1 13 13 4 10 10 7 8 5 10 13 0 15 17 17 13 17 13 
3 3 0 5 8 8 8 10 8 3 12 10 12 13 16 12 16 19 20 17 3 21 22 
2 6 2 6 6 10 6 6 6 0 12 13 17 15 13 15 10 19 24 23 23 21 19 17 24 27 25 10 
2 3 0 3 3 5 6 3 8 9 16 11 12 16 14 17 10 21 20 18 17 21 21 29 29 29 29 29 23 29 29 31 29 33 34 37 21 41 41 39 37 3 
6 1 4 2 6 0 9 7 6 9 10 13 11 9 9 15 16 6 
0 1 4 1 4 7 16 7 7 11 16 11 12 15 13 1 19 19 16 19 20 23 25 23 19 1 
2 6 2 5 6 0 6 7 8 9 12 10 6 13 14 19 19 19 6 19 28 28 24 26 28 25 28 19 30 28 6 
2 8 4 2 8 7 8 0 8 8 10 14 14 11 14 17 15 11 
7 1 7 3 4 7 0 10 10 12 10 7 12 15 13 7 
2 9 2 5 3 7 9 7 11 9 0 14 12 11 14 15 16 
2 0 4 2 4 5 12 12 12 11 9 4 14 12 12 15 19 19 16 16 20 16 22 
0 3 1 3 6 1 6 10 10 25 25 25 12 12 14 15 16 17 22 21 22 12 22 22 7 25 26 29 26 6 1 33 31 33 33 1 
3 1 13 3 4 5 8 12 8 8 12 6 0 13 16 18 16 13 18 13 
11 1 4 2 4 5 1 9 7 9 0 11 12 13 14 11 
6 1 6 6 6 0 8 13 8 11 9 13 6 13 18 18 18 14 6 
5 1 5 5 0 5 8 5 10 14 10 13 11 8 16 14 5 
2 3 5 3 17 5 9 9 6 17 17 11 12 13 17 17 0 17 17 21 19 26 22 22 24 21 30 27 30 26 17 
2 7 4 2 2 5 0 7 8 9 8 13 15 7 14 17 11 14 
3 1 0 6 6 3 9 12 6 12 10 9 9 16 23 15 19 19 16 23 23 21 9 25 23 28 26 25 34 29 32 34 34 28 34 35 36 39 34 39 42 40 42 42 46 44 3 
14 3 4 1 4 7 4 9 7 9 10 11 14 0 14 28 18 28 20 18 22 18 24 22 26 24 22 15 18 28 32 37 32 28 34 37 34 14 
2 9 9 3 3 5 6 7 0 11 14 11 14 9 20 20 20 17 18 14 22 20 
5 1 5 5 0 7 16 9 7 9 10 11 12 16 16 5 21 21 18 21 31 21 21 25 23 27 28 21 30 28 16 31 34 32 36 16 38 44 38 44 44 41 44 36 44 44 46 47 5 
2 3 14 7 6 4 3 7 7 14 14 13 11 0 17 17 14 17 20 17 20 
18 1 2 3 7 7 1 7 8 9 15 11 12 13 7 18 18 0 18 22 22 18 18 
8 1 1 6 6 3 8 0 8 9 12 10 19 15 13 15 18 16 12 21 19 21 20 23 8 
9 1 2 3 4 5 8 6 0 11 9 14 14 11 14 15 14 14 18 19 19 21 22 23 26 21 26 26 9 
16 5 4 5 1 10 10 10 10 5 10 10 12 15 13 0 18 22 22 19 22 16 16 
2 0 4 2 6 4 6 4 10 8 12 10 15 15 18 15 16 4 18 22 22 18 22 22 26 24 22 27 28 29 2 
4 1 2 0 4 5 6 9 7 11 4 11 11 11 14 15 16 17 
5 1 4 5 0 8 8 5 13 13 13 13 15 15 8 15 15 19 17 5 
2 0 10 10 4 8 8 10 8 2 10 13 11 15 13 17 15 19 17 
2 11 2 5 2 9 6 9 5 11 0 20 12 13 14 20 18 20 18 11 20 21 11 
6 6 2 6 4 0 6 7 7 6 13 10 9 15 13 6 
3 3 30 3 4 5 6 7 15 15 27 15 12 15 8 17 15 20 18 17 20 20 22 15 26 30 46 30 36 34 30 33 31 0 27 46 38 36 38 39 40 41 46 46 46 34 48 46 48 49 50 34 
2 6 4 2 6 0 8 12 8 9 10 6 14 12 14 15 16 19 17 6 
0 1 2 2 6 4 14 9 7 11 9 11 14 6 16 14 14 23 23 19 20 23 14 23 23 
2 5 2 2 0 5 6 7 8 12 12 8 12 12 14 17 12 20 18 17 20 20 
5 5 2 5 0 5 5 9 10 7 5 14 14 5 16 14 16 14 
2 6 2 5 3 0 8 6 10 6 21 15 12 13 21 21 21 21 18 19 10 23 21 23 24 6 
4 1 2 20 4 5 8 4 10 8 10 11 20 16 14 20 16 20 20 0 20 23 21 20 
4 1 2 0 4 7 13 13 13 9 12 10 4 16 16 13 18 16 4 
0 3 1 3 6 1 6 13 8 9 10 13 7 16 16 13 16 16 20 18 20 23 21 23 26 24 28 26 28 29 1 
2 6 4 2 4 9 8 6 0 9 10 11 20 13 16 17 14 17 11 19 22 20 24 22 
5 5 2 3 8 5 6 17 10 12 10 13 8 13 14 17 0 20 20 17 17 
9 1 6 5 3 2 6 7 12 9 12 0 15 15 17 15 18 12 20 18 20 12 
4 3 4 12 6 4 10 7 10 6 12 0 14 15 18 15 16 12 20 18 22 20 22 23 23 25 26 12 
2 5 5 3 0 7 8 5 10 8 10 17 14 12 14 15 11 21 21 21 17 21 24 22 5 
2 3 0 5 3 5 6 9 3 9 10 17 17 13 17 17 19 19 11 19 24 24 24 20 3 
5 4 4 5 11 8 8 5 8 11 19 11 12 13 17 17 14 17 0 19 19 
5 1 5 5 0 5 5 7 13 13 13 11 24 15 13 15 13 24 20 13 13 13 22 5 24 27 25 27 
3 1 12 3 3 7 3 7 7 11 3 0 12 13 13 18 16 15 
3 3 0 6 6 3 8 12 8 11 9 6 12 13 16 18 16 13 3 
3 1 8 3 4 4 6 0 23 9 12 10 12 23 16 23 23 22 22 19 22 23 8 25 23 25 23 27 28 29 28 31 8 
2 5 5 5 17 17 17 11 8 9 7 11 15 15 11 17 0 17 18 19 17 
0 3 8 8 6 8 8 1 10 8 12 10 12 13 16 8 21 17 16 19 20 23 21 1 
2 0 4 5 9 7 5 7 2 12 10 13 17 15 13 17 9 19 17 21 19 21 22 25 22 25 2 
4 1 4 0 6 4 8 6 8 12 12 8 8 4 14 17 14 17 4 
8 3 8 5 3 8 8 11 8 11 0 16 16 13 16 11 11 
22 22 22 13 13 13 8 9 6 9 9 11 15 13 3 18 18 15 18 19 22 0 25 25 22 22 
4 4 4 6 6 0 10 7 10 6 10 11 10 15 13 
0 1 4 1 4 7 1 7 8 11 9 13 11 15 13 15 
13 1 13 3 4 5 13 9 13 13 13 11 19 13 14 15 16 13 24 19 20 21 24 0 28 25 28 24 28 
18 3 1 1 4 1 8 1 10 8 10 10 12 13 14 1 18 0 20 21 18 18 
3 3 0 9 9 5 6 9 3 9 10 11 12 
5 5 5 5 0 5 10 9 7 5 10 13 11 15 13 15 14 19 17 14 20 23 21 5 
3 1 0 5 10 5 8 5 8 3 10 13 11 13 14 17 15 3 
3 3 0 3 6 3 14 10 10 11 7 11 14 21 14 14 16 14 18 21 6 23 21 3 
3 3 17 7 4 5 17 7 10 8 10 17 17 15 13 17 0 17 
0 1 1 1 4 8 8 10 8 5 10 13 11 19 14 15 16 17 13 23 20 21 19 23 23 1 
2 6 5 5 2 0 9 7 13 11 9 13 6 15 22 17 19 17 23 21 19 13 22 23 24 6 
4 1 4 9 4 7 4 9 0 21 10 13 14 10 14 15 18 16 18 21 25 23 21 23 9 25 28 25 9 
0 1 2 3 22 7 22 7 7 9 10 11 7 20 14 15 20 19 20 7 20 1 22 25 22 25 28 26 28 1 
2 41 4 5 2 5 6 7 8 11 21 13 14 11 14 11 11 21 20 18 36 21 21 27 27 25 21 29 27 27 21 33 31 35 36 41 36 40 38 36 0 41 42 41 
3 3 0 5 3 5 3 9 7 11 12 18 18 18 14 15 18 23 20 18 20 21 9 18 18 25 26 27 18 29 
0 3 1 3 4 7 5 7 8 9 5 11 12 5 14 20 16 17 18 14 20 21 21 1 
4 1 4 11 4 4 6 11 11 9 0 11 12 13 13 15 11 
2 0 4 2 7 7 12 7 8 8 10 4 14 15 12 15 16 19 15 19 19 15 24 22 24 2 
2 3 6 5 3 0 8 6 8 11 6 11 11 11 18 18 18 14 18 11 22 11 22 6 
2 3 0 3 4 5 9 6 11 9 8 11 14 11 14 14 18 16 
0 1 1 1 6 7 4 9 1 9 10 11 17 17 17 15 12 19 15 19 20 23 21 1 
2 6 2 2 6 0 16 7 8 11 16 13 11 13 11 6 16 16 16 19 6 
9 4 4 1 4 4 6 9 17 9 10 9 9 13 14 17 0 19 24 19 20 23 21 17 24 17 
0 1 4 2 6 12 8 12 8 9 12 4 12 13 16 2 19 19 16 19 20 1 
2 13 4 2 4 13 10 7 10 13 10 13 0 15 18 17 18 13 21 21 18 13 
5 3 1 5 0 5 5 12 8 8 10 15 12 13 5 15 16 5 
2 0 7 7 6 4 2 9 7 9 10 13 7 15 13 17 15 24 20 24 20 21 27 17 26 27 24 27 28 31 28 2 
5 3 1 5 0 7 15 7 10 7 10 11 10 15 28 15 16 21 20 21 28 21 21 21 24 25 26 5 30 21 5 
14 1 1 9 4 9 8 9 1 22 10 13 11 0 13 17 22 20 20 22 22 9 24 22 24 24 28 26 14 
2 8 2 2 2 5 8 19 8 11 8 13 8 13 13 8 16 17 0 19 20 24 24 21 19 
0 1 1 5 1 10 6 7 10 5 13 13 10 13 14 17 13 17 23 23 20 23 17 23 17 29 28 26 13 29 32 30 32 1 
2 3 8 3 6 4 6 0 10 11 8 13 11 13 14 13 13 20 20 17 8 
16 1 4 2 1 5 10 7 8 1 15 15 12 15 10 0 20 20 20 16 20 23 21 16 
3 3 10 10 10 7 5 7 8 0 14 11 14 15 10 24 16 17 18 19 22 20 22 15 24 27 24 27 
0 1 1 1 6 7 4 9 1 9 10 11 17 17 17 15 12 19 15 19 20 23 21 1 
3 3 5 5 0 7 15 7 7 9 12 13 7 15 22 17 15 17 20 18 22 5 24 22 26 24 24 29 31 31 24 31 31 33 36 5 36 39 37 39 36 41 5 
2 16 6 5 3 2 6 9 7 7 10 13 11 13 16 0 16 17 17 19 20 23 21 16 
2 15 2 2 6 10 6 7 8 2 10 10 10 18 0 18 18 10 20 18 
8 3 8 6 4 8 8 0 13 12 12 9 18 15 17 17 13 8 20 18 20 
2 22 2 3 6 2 9 9 6 11 9 11 14 15 9 15 18 16 18 19 22 0 22 23 23 25 30 30 30 33 30 30 22 33 36 37 38 30 42 42 42 38 22 
0 4 4 13 6 11 6 6 8 11 13 11 17 15 13 15 1 19 17 21 22 19 1 
2 18 18 18 4 8 8 11 8 11 5 13 11 13 14 15 16 0 18 21 19 21 18 
3 1 0 5 3 7 5 10 10 12 10 7 14 12 14 14 14 17 20 21 14 3 
2 3 0 6 6 3 8 3 8 9 12 14 12 10 16 14 3 
2 0 2 5 3 9 8 9 15 11 9 11 12 15 5 15 16 19 17 2 
7 1 1 1 4 5 0 7 8 11 9 11 11 15 13 17 7 17 18 17 7 
2 4 2 0 4 4 6 7 11 11 4 11 18 18 14 18 18 21 18 21 11 34 22 25 34 27 25 27 28 27 32 34 34 21 34 35 38 34 40 41 38 41 4 
11 1 4 2 2 5 6 7 8 11 14 11 12 18 16 14 16 0 18 21 19 23 18 25 23 25 
2 0 2 3 4 4 8 6 11 11 4 11 14 12 14 2 
2 0 2 3 6 4 9 9 4 11 9 11 12 13 11 18 16 15 21 21 18 23 21 
8 1 2 3 2 7 5 0 10 11 8 16 16 13 16 8 19 19 16 19 20 19 19 25 23 25 25 
4 1 4 0 6 7 10 9 7 4 13 13 15 15 10 18 18 15 21 21 18 21 4 
7 1 1 5 1 5 0 21 8 11 8 13 11 13 14 15 14 17 18 21 27 21 24 22 24 25 7 30 30 27 7 
2 12 5 5 12 5 6 5 8 9 12 0 15 15 20 18 18 15 20 12 22 20 22 27 26 24 23 27 30 27 33 33 30 33 36 33 12 
6 1 6 6 4 13 9 9 6 9 10 6 0 13 16 13 18 13 18 18 20 13 
3 3 17 3 3 5 8 3 10 11 8 13 15 13 11 17 0 17 18 21 22 19 22 17 
0 1 4 1 4 7 8 1 10 18 10 11 10 13 14 10 18 1 18 23 22 19 22 20 26 24 19 19 30 28 1 
0 3 1 5 3 7 8 5 10 11 15 13 11 15 8 19 16 17 15 21 19 23 19 23 24 25 
3 3 4 0 4 5 6 12 12 9 10 5 12 13 12 5 19 19 16 19 4 
4 4 4 0 4 4 6 13 8 9 10 11 20 13 17 17 14 17 20 4 22 26 22 22 24 20 26 29 27 4 
6 4 2 1 6 0 8 6 10 11 8 13 11 15 13 6 
2 0 4 2 6 2 6 2 10 8 6 2 12 13 12 12 16 16 2 
2 0 2 3 6 7 4 7 10 8 10 13 11 13 16 13 18 16 18 19 20 
4 1 4 0 6 4 8 24 24 9 10 9 12 13 24 17 15 20 20 17 20 20 22 4 26 24 28 26 28 29 29 31 4 
2 4 2 0 4 5 6 10 10 4 12 9 12 12 12 15 18 16 18 21 16 23 24 26 24 21 
0 1 4 2 7 7 10 9 7 4 12 13 10 15 13 18 18 15 20 18 20 
8 3 8 5 3 8 8 0 10 8 13 11 15 13 16 18 16 10 10 21 19 23 21 27 27 27 23 27 8 
12 1 2 3 4 7 5 7 7 11 9 0 14 12 16 14 14 17 12 
0 3 1 5 3 5 6 9 7 11 17 11 12 11 16 14 5 17 18 19 22 17 25 23 22 27 25 1 
5 1 2 3 8 7 5 0 10 17 12 10 12 15 13 17 8 24 18 24 20 24 24 17 8 
7 1 2 7 7 7 0 9 7 8 9 13 9 15 13 19 19 19 15 7 
14 4 4 1 6 14 9 7 6 9 12 10 14 0 16 17 14 17 14 19 20 36 36 36 26 24 26 29 27 31 26 33 31 33 36 14 36 37 38 39 40 41 42 
0 6 2 5 3 1 8 6 8 15 15 13 11 15 8 19 19 19 15 1 
0 1 4 6 4 2 8 6 8 9 12 10 12 15 12 15 19 19 20 15 20 20 22 20 1 
2 0 4 2 6 2 6 7 8 9 6 14 12 11 14 6 19 17 11 19 20 
2 4 4 0 6 4 6 7 8 9 12 7 15 15 12 17 19 17 20 15 20 4 
2 0 2 5 2 7 5 7 11 11 7 23 18 18 14 15 18 12 20 18 18 23 11 12 2 
8 1 2 3 4 5 8 0 10 15 13 13 10 13 8 17 15 19 17 8 
0 1 1 3 4 5 8 5 10 8 10 11 12 13 14 15 18 5 21 19 23 23 18 25 23 25 25 
7 1 4 2 4 7 0 7 12 11 9 8 14 12 14 15 18 16 21 21 24 21 22 8 26 24 7 
5 3 1 5 13 5 5 5 8 11 9 13 0 13 14 14 14 19 17 19 20 26 22 23 26 14 13 
11 1 1 5 3 7 8 5 1 11 20 13 11 13 14 15 20 19 20 0 22 20 20 
3 1 0 3 4 5 14 13 11 9 8 11 14 3 14 15 16 3 
4 3 1 0 4 12 6 7 8 11 9 4 12 15 16 13 18 16 25 19 25 21 22 23 18 25 25 27 30 28 32 34 32 30 4 
4 4 4 0 4 10 6 7 8 4 12 10 20 15 20 20 20 17 20 12 4 
0 4 4 1 4 11 10 10 10 11 5 11 12 15 13 17 15 15 13 19 20 25 25 23 13 25 26 31 31 31 27 31 31 33 1 
19 1 2 3 3 5 6 9 19 9 12 9 12 12 14 9 19 19 0 19 22 20 25 25 22 27 25 19 
0 1 1 3 6 1 8 11 8 9 14 11 14 6 16 19 18 19 14 18 18 18 22 23 28 27 25 23 31 31 28 1 
3 1 0 5 7 5 17 7 7 7 12 10 17 17 17 17 3 17 3 
0 1 4 1 4 7 4 7 8 7 10 11 12 17 17 17 13 20 18 17 20 21 24 20 28 25 28 24 28 31 33 31 29 33 34 38 35 37 38 4 
3 1 0 7 7 5 9 7 3 11 12 9 12 16 16 13 16 3 
5 1 2 3 16 5 5 7 10 8 5 11 12 13 14 0 23 17 17 23 23 21 5 29 26 29 29 29 23 16 
0 3 1 7 6 4 12 7 8 9 10 3 12 13 14 17 18 14 18 1 
3 1 0 9 9 8 8 9 3 11 9 13 3 17 17 17 18 13 18 18 20 13 
4 4 2 8 6 4 8 0 20 9 20 11 12 16 14 12 16 17 20 8 25 25 25 25 20 8 
5 5 4 5 0 5 8 6 14 14 10 14 14 8 14 17 14 17 18 17 20 5 
